0.000,0.000,0.000,0.000,0.000,0.000,0.000,0.000,0.000,0.000,0.000,0.000,0.000,0.000,0.000,0.000,0.000,0.000,0.000,0.000,0.000,0.000,0.000,0.000,0.000,0.000,0.000,0.000,0.000,0.000,0.000,0.000,0.000,0.000,0.000,0.000,0.000,0.000,0.000,0.000,0.000,0.000,0.000,0.000,0.000,0.000,0.000,0.000,0.000,0.000,0.000,0.000,0.000,0.000,0.000,0.000,0.000,0.000,0.000,0.000,0.000,0.000,0.000,0.000,0.000,0.000,0.000,0.000,0.000,0.000,0.000,0.000,0.000,0.000,0.000,0.000,0.000,0.000,0.000,0.000,0.000,0.000,0.000,0.000,0.000,0.000,0.000,0.000,0.000,0.000,0.000,0.000,0.000,0.000,0.000,0.000,0.000,0.000,0.000,0.000,0.000,0.000,0.000,0.000,0.000,0.000,0.000,0.000,0.000,0.000,0.000,0.000,0.000,0.000,0.000,0.000,0.000,0.000,0.000,0.000,0.000,0.000,0.000,0.000,0.000,0.000,0.000,0.000,0.000,0.000,0.000,0.000,0.000,0.000,0.000,0.000,0.000,0.000,0.000,0.000,0.000,0.000,0.000,0.000,0.000,0.000,0.000,0.000,0.000,0.000,0.000,0.000,0.000,0.000,0.000,0.000,0.000,0.000,0.000,0.000,0.000,0.000,0.000,0.000,0.000,0.000,0.000,0.000,0.000,0.000,0.000,0.000,0.000,0.000,0.000,0.000,0.000,0.000,0.000,0.000,0.000,0.000,0.000,0.000,0.000,0.000,0.000,0.000,0.000,0.000,0.000,0.000,0.000,0.000,0.000,0.000,0.000,0.000,0.000,0.000,0.000,0.000,0.000,0.000,0.000,0.000,0.000,0.000,0.000,0.000,0.000,0.000,0.000,0.000,0.000,0.000,0.000,0.000,0.000,0.000,0.000,0.000,0.000,0.000,0.000,0.000,0.000,0.000,0.000,0.000,0.000,0.000,0.000,0.000,0.000,0.000,0.000,0.000,0.000,0.000,0.000,0.000,0.000,0.000,0.000,0.000,0.000,0.000,0.000,0.000,0.000,0.000,0.000,0.000,0.000,0.000
0.000,0.000,0.000,0.000,0.000,0.000,0.000,0.000,0.000,0.000,0.000,0.000,0.000,0.000,0.000,0.000,0.000,0.000,0.000,0.000,0.000,0.000,0.000,0.000,0.000,0.000,42.303,83.296,121.980,157.779,190.469,220.060,246.694,270.567,291.889,310.864,327.681,342.510,355.507,366.813,376.557,384.855,391.818,397.547,402.136,405.674,408.245,409.926,410.793,410.912,410.350,409.168,407.423,405.169,402.456,399.330,395.837,392.016,387.906,383.541,378.956,374.179,369.239,364.162,358.971,353.688,348.334,342.927,337.483,332.019,326.547,321.081,315.633,310.212,304.829,299.492,294.208,288.986,283.829,278.746,273.739,268.815,263.977,259.227,254.570,250.007,245.541,241.175,236.909,232.746,228.686,224.731,220.881,217.136,213.499,209.968,206.544,203.227,200.019,196.917,193.923,191.037,188.257,185.585,183.021,180.562,178.211,175.966,173.827,171.794,169.867,168.045,166.329,164.718,163.213,161.813,160.517,159.327,158.242,157.262,156.386,155.617,154.952,154.393,153.940,153.593,153.352,153.218,153.191,153.271,153.460,153.756,154.162,154.678,155.303,156.040,156.888,157.849,158.923,160.111,161.414,162.832,164.368,166.021,167.793,169.684,171.697,173.831,176.088,178.469,180.975,183.608,186.368,189.257,192.275,195.423,198.704,202.117,205.664,209.345,213.162,217.115,221.205,225.433,229.799,234.303,238.945,243.725,248.645,253.701,258.895,264.225,269.691,275.289,281.018,286.877,292.861,298.968,305.193,311.533,317.980,324.531,331.176,337.910,344.722,351.604,358.543,365.527,372.543,379.575,386.605,393.615,400.583,407.487,414.300,420.993,427.536,433.894,440.028,445.897,451.455,456.650,461.428,465.725,469.476,472.605,475.029,476.660,477.395,477.125,475.727,473.066,468.992,463.340,455.927,446.552,434.995,421.018,404.369,384.783,361.995,335.751,305.837,272.101,234.502,193.151,148.362,100.680,50.896,0.000,0.000,0.000,0.000,0.000,0.000,0.000,0.000,0.000,0.000,0.000,0.000,0.000,0.000,0.000,0.000,0.000,0.000,0.000,0.000,0.000,0.000,0.000,0.000,0.000,0.000,0.000
0.000,0.000,0.000,0.000,0.000,0.000,0.000,0.000,0.000,0.000,0.000,0.000,0.000,0.000,0.000,0.000,0.000,0.000,0.000,0.000,0.000,0.000,0.000,0.000,0.000,0.000,85.922,168.907,246.858,318.682,384.052,443.098,496.172,543.710,586.153,623.917,657.381,686.887,712.743,735.229,754.600,771.089,784.916,796.280,805.371,812.367,817.432,820.723,822.388,822.564,821.381,818.961,815.419,810.862,805.390,799.097,792.071,784.393,776.139,767.379,758.179,748.599,738.694,728.518,718.115,707.532,696.806,685.976,675.075,664.133,653.178,642.236,631.330,620.481,609.707,599.025,588.452,578.001,567.685,557.514,547.498,537.646,527.966,518.465,509.148,500.022,491.089,482.355,473.823,465.496,457.376,449.465,441.764,434.276,427.000,419.939,413.092,406.459,400.042,393.840,387.852,382.080,376.522,371.178,366.049,361.133,356.430,351.940,347.663,343.597,339.743,336.101,332.669,329.448,326.437,323.636,321.046,318.665,316.495,314.534,312.784,311.244,309.915,308.797,307.890,307.195,306.713,306.444,306.390,306.550,306.926,307.519,308.329,309.360,310.610,312.082,313.777,315.698,317.844,320.219,322.823,325.659,328.729,332.033,335.576,339.357,343.381,347.647,352.160,356.921,361.932,367.195,372.714,378.489,384.523,390.819,397.378,404.203,411.295,418.657,426.289,434.194,442.373,450.827,459.557,468.563,477.847,487.408,497.245,507.359,517.747,528.408,539.338,550.536,561.996,573.715,585.686,597.903,610.357,623.040,635.941,649.047,662.345,675.820,689.454,703.226,717.115,731.097,745.143,759.222,773.300,787.340,801.299,815.131,828.784,842.201,855.320,868.072,880.381,892.164,903.329,913.774,923.388,932.050,939.624,945.962,950.901,954.259,955.839,955.419,952.758,947.584,939.601,928.477,913.850,895.317,872.439,844.738,811.702,772.794,727.467,675.194,615.512,548.080,472.768,389.752,299.623,203.469,102.905,0.000,0.000,0.000,0.000,0.000,0.000,0.000,0.000,0.000,0.000,0.000,0.000,0.000,0.000,0.000,0.000,0.000,0.000,0.000,0.000,0.000,0.000,0.000,0.000,0.000,0.000,0.000
0.000,0.000,0.000,0.000,0.000,0.000,0.000,0.000,0.000,0.000,0.000,0.000,0.000,0.000,0.000,0.000,0.000,0.000,0.000,0.000,0.000,0.000,0.000,0.000,0.000,0.000,132.486,259.566,377.882,486.065,583.990,672.141,751.226,821.991,885.143,941.321,991.094,1034.971,1073.410,1106.825,1135.592,1160.059,1180.550,1197.365,1210.785,1221.074,1228.481,1233.238,1235.566,1235.671,1233.748,1229.980,1224.536,1217.579,1209.257,1199.712,1189.074,1177.466,1165.000,1151.782,1137.909,1123.472,1108.555,1093.233,1077.579,1061.656,1045.525,1029.241,1012.853,996.408,979.947,963.507,947.124,930.829,914.649,898.610,882.735,867.046,851.559,836.292,821.259,806.474,791.948,777.690,763.710,750.016,736.614,723.511,710.711,698.218,686.037,674.169,662.618,651.385,640.472,629.880,619.610,609.662,600.037,590.735,581.755,573.097,564.761,556.747,549.054,541.681,534.628,527.894,521.479,515.382,509.601,504.138,498.991,494.160,489.644,485.443,481.557,477.987,474.731,471.790,469.164,466.854,464.860,463.182,461.821,460.778,460.053,459.649,459.565,459.804,460.367,461.254,462.468,464.011,465.884,468.090,470.631,473.508,476.725,480.284,484.188,488.439,493.039,497.993,503.303,508.972,515.003,521.399,528.164,535.301,542.814,550.705,558.979,567.638,576.685,586.125,595.960,606.193,616.827,627.866,639.311,651.165,663.430,676.108,689.201,702.708,716.632,730.972,745.728,760.898,776.480,792.472,808.870,825.669,842.864,860.447,878.410,896.743,915.434,934.469,953.832,973.507,993.471,1013.703,1034.175,1054.859,1075.722,1096.726,1117.830,1138.989,1160.152,1181.262,1202.255,1223.064,1243.611,1263.812,1283.574,1302.794,1321.359,1339.146,1356.016,1371.819,1386.391,1399.549,1411.092,1420.801,1428.431,1433.715,1436.356,1436.028,1432.368,1424.977,1413.411,1397.178,1375.735,1348.482,1314.757,1273.840,1224.951,1167.263,1099.921,1022.080,932.966,831.966,718.760,593.483,456.920,310.675,157.257,0.000,0.000,0.000,0.000,0.000,0.000,0.000,0.000,0.000,0.000,0.000,0.000,0.000,0.000,0.000,0.000,0.000,0.000,0.000,0.000,0.000,0.000,0.000,0.000,0.000,0.000,0.000
0.000,0.000,0.000,0.000,0.000,0.000,0.000,0.000,0.000,0.000,0.000,0.000,0.000,0.000,0.000,0.000,0.000,0.000,0.000,0.000,0.000,0.000,0.000,0.000,0.000,0.000,184.470,359.011,519.066,663.739,793.745,910.299,1014.653,1107.946,1191.173,1265.200,1330.778,1388.576,1439.190,1483.159,1520.979,1553.107,1579.967,1601.955,1619.444,1632.784,1642.302,1648.310,1651.099,1650.944,1648.103,1642.817,1635.316,1625.811,1614.504,1601.579,1587.212,1571.564,1554.784,1537.014,1518.382,1499.009,1479.005,1458.471,1437.502,1416.183,1394.595,1372.809,1350.893,1328.905,1306.902,1284.934,1263.046,1241.279,1219.670,1198.254,1177.059,1156.114,1135.444,1115.068,1095.008,1075.280,1055.899,1036.878,1018.229,999.962,982.087,964.611,947.540,930.880,914.636,898.811,883.409,868.431,853.881,839.759,826.066,812.804,799.972,787.570,775.598,764.057,752.945,742.261,732.006,722.177,712.775,703.798,695.246,687.118,679.413,672.129,665.268,658.827,652.806,647.206,642.026,637.265,632.923,629.002,625.500,622.419,619.759,617.520,615.704,614.311,613.344,612.802,612.688,613.003,613.750,614.929,616.545,618.598,621.092,624.028,627.411,631.243,635.527,640.267,645.466,651.128,657.256,663.855,670.928,678.479,686.514,695.035,704.049,713.558,723.567,734.082,745.106,756.644,768.699,781.278,794.384,808.021,822.194,836.905,852.158,867.958,884.306,901.204,918.657,936.663,955.225,974.342,994.015,1014.241,1035.019,1056.344,1078.211,1100.616,1123.550,1147.003,1170.966,1195.424,1220.362,1245.763,1271.605,1297.865,1324.516,1351.528,1378.866,1406.492,1434.362,1462.427,1490.633,1518.920,1547.220,1575.459,1603.554,1631.413,1658.936,1686.011,1712.515,1738.312,1763.255,1787.177,1809.900,1831.224,1850.932,1868.783,1884.513,1897.831,1908.417,1915.919,1919.945,1920.066,1915.805,1906.636,1891.975,1871.172,1843.510,1808.192,1764.338,1710.980,1647.062,1571.444,1482.927,1380.286,1262.346,1128.093,976.850,808.525,623.919,425.063,215.451,0.000,0.000,0.000,0.000,0.000,0.000,0.000,0.000,0.000,0.000,0.000,0.000,0.000,0.000,0.000,0.000,0.000,0.000,0.000,0.000,0.000,0.000,0.000,0.000,0.000,0.000,0.000
0.000,0.000,0.000,0.000,0.000,0.000,0.000,0.000,0.000,0.000,0.000,0.000,0.000,0.000,0.000,0.000,0.000,0.000,0.000,0.000,0.000,0.000,0.000,0.000,0.000,0.000,246.397,472.969,675.669,856.127,1017.007,1160.719,1289.211,1404.044,1506.491,1597.618,1678.342,1749.470,1811.724,1865.761,1912.184,1951.553,1984.390,2011.186,2032.400,2048.467,2059.794,2066.766,2069.747,2069.078,2065.081,2058.057,2048.289,2036.044,2021.569,2005.096,1986.842,1967.007,1945.780,1923.333,1899.827,1875.410,1850.221,1824.386,1798.020,1771.231,1744.117,1716.768,1689.266,1661.685,1634.094,1606.554,1579.123,1551.850,1524.783,1497.961,1471.423,1445.202,1419.329,1393.828,1368.726,1344.042,1319.795,1296.002,1272.676,1249.831,1227.477,1205.623,1184.279,1163.449,1143.140,1123.357,1104.102,1085.380,1067.192,1049.540,1032.426,1015.850,999.812,984.313,969.352,954.928,941.040,927.689,914.873,902.591,890.841,879.623,868.936,858.778,849.149,840.047,831.471,823.422,815.897,808.898,802.423,796.472,791.045,786.142,781.764,777.911,774.584,771.784,769.511,767.767,766.554,765.873,765.726,766.116,767.044,768.513,770.526,773.087,776.197,779.860,784.081,788.864,794.210,800.126,806.616,813.684,821.335,829.573,838.404,847.833,857.865,868.506,879.761,891.636,904.137,917.268,931.036,945.446,960.505,976.217,992.588,1009.623,1027.327,1045.705,1064.762,1084.502,1104.927,1126.043,1147.850,1170.352,1193.549,1217.443,1242.032,1267.314,1293.287,1319.947,1347.288,1375.302,1403.981,1433.314,1463.286,1493.882,1525.082,1556.865,1589.206,1622.075,1655.440,1689.263,1723.503,1758.110,1793.032,1828.209,1863.573,1899.051,1934.560,1970.007,2005.290,2040.297,2074.903,2108.970,2142.348,2174.868,2206.347,2236.583,2265.352,2292.411,2317.490,2340.293,2360.496,2377.740,2391.631,2401.734,2407.571,2408.612,2404.273,2393.906,2376.792,2352.132,2319.042,2276.534,2223.514,2158.766,2080.950,1988.597,1880.121,1753.851,1608.093,1441.257,1252.063,1039.877,805.189,550.220,279.490,0.000,0.000,0.000,0.000,0.000,0.000,0.000,0.000,0.000,0.000,0.000,0.000,0.000,0.000,0.000,0.000,0.000,0.000,0.000,0.000,0.000,0.000,0.000,0.000,0.000,0.000,0.000
0.000,0.000,0.000,0.000,0.000,0.000,0.000,0.000,0.000,0.000,0.000,0.000,0.000,0.000,0.000,0.000,0.000,0.000,0.000,0.000,0.000,0.000,0.000,0.000,0.000,0.000,328.172,610.833,854.562,1068.148,1257.507,1426.438,1577.516,1712.624,1833.231,1940.551,2035.623,2119.367,2192.613,2256.120,2310.594,2356.689,2395.022,2426.172,2450.685,2469.077,2481.834,2489.415,2492.252,2490.755,2485.306,2476.266,2463.974,2448.745,2430.877,2410.645,2388.309,2364.108,2338.264,2310.985,2282.461,2252.870,2222.376,2191.127,2159.263,2126.910,2094.186,2061.196,2028.037,1994.800,1961.563,1928.401,1895.380,1862.560,1829.996,1797.736,1765.824,1734.301,1703.201,1672.556,1642.393,1612.738,1583.613,1555.036,1527.024,1499.592,1472.753,1446.517,1420.894,1395.891,1371.515,1347.771,1324.664,1302.197,1280.372,1259.192,1238.657,1218.768,1199.526,1180.931,1162.981,1145.677,1129.017,1113.000,1097.625,1082.891,1068.796,1055.339,1042.518,1030.332,1018.781,1007.861,997.573,987.916,978.889,970.490,962.721,955.580,949.067,943.184,937.929,933.303,929.308,925.945,923.213,921.117,919.656,918.833,918.651,919.111,920.217,921.972,924.380,927.443,931.165,935.551,940.606,946.332,952.737,959.823,967.598,976.065,985.232,995.103,1005.686,1016.985,1029.008,1041.761,1055.250,1069.484,1084.467,1100.207,1116.712,1133.987,1152.040,1170.877,1190.506,1210.931,1232.160,1254.198,1277.052,1300.725,1325.223,1350.549,1376.707,1403.700,1431.529,1460.196,1489.699,1520.037,1551.207,1583.204,1616.022,1649.652,1684.084,1719.305,1755.299,1792.047,1829.528,1867.715,1906.579,1946.087,1986.199,2026.872,2068.055,2109.693,2151.723,2194.074,2236.667,2279.414,2322.218,2364.970,2407.549,2449.824,2491.645,2532.852,2573.265,2612.686,2650.900,2687.665,2722.721,2755.778,2786.519,2814.595,2839.622,2861.180,2878.804,2891.983,2900.153,2902.695,2898.919,2888.065,2869.290,2841.655,2804.115,2755.507,2694.528,2619.725,2529.473,2421.963,2295.193,2146.977,1974.984,1776.835,1550.315,1293.768,1006.769,691.155,352.296,0.000,0.000,0.000,0.000,0.000,0.000,0.000,0.000,0.000,0.000,0.000,0.000,0.000,0.000,0.000,0.000,0.000,0.000,0.000,0.000,0.000,0.000,0.000,0.000,0.000,0.000,0.000
0.000,0.000,0.000,0.000,0.000,0.000,0.000,0.000,0.000,0.000,0.000,0.000,0.000,0.000,0.000,0.000,0.000,0.000,0.000,0.000,0.000,0.000,0.000,0.000,0.000,0.000,455.485,787.672,1063.655,1304.466,1518.516,1710.101,1881.895,2035.818,2173.384,2295.866,2404.375,2499.915,2583.401,2655.685,2717.560,2769.775,2813.033,2847.999,2875.304,2895.544,2909.279,2917.044,2919.338,2916.637,2909.384,2897.997,2882.870,2864.369,2842.838,2818.597,2791.946,2763.161,2732.502,2700.205,2666.494,2631.572,2595.627,2558.833,2521.350,2483.323,2444.888,2406.165,2367.268,2328.297,2289.347,2250.501,2211.835,2173.418,2135.313,2097.575,2060.255,2023.399,1987.045,1951.231,1915.988,1881.344,1847.325,1813.951,1781.241,1749.213,1717.881,1687.256,1657.350,1628.171,1599.725,1572.019,1545.059,1518.846,1493.385,1468.677,1444.723,1421.523,1399.079,1377.390,1356.455,1336.273,1316.843,1298.163,1280.232,1263.049,1246.610,1230.916,1215.964,1201.753,1188.280,1175.545,1163.546,1152.282,1141.753,1131.957,1122.894,1114.563,1106.965,1100.099,1093.966,1088.567,1083.903,1079.974,1076.783,1074.330,1072.619,1071.652,1071.431,1071.959,1073.239,1075.276,1078.072,1081.633,1085.962,1091.065,1096.947,1103.612,1111.067,1119.318,1128.370,1138.230,1148.904,1160.401,1172.726,1185.888,1199.892,1214.749,1230.464,1247.046,1264.504,1282.844,1302.075,1322.206,1343.244,1365.197,1388.074,1411.880,1436.625,1462.315,1488.956,1516.555,1545.118,1574.649,1605.152,1636.630,1669.087,1702.523,1736.939,1772.332,1808.699,1846.036,1884.335,1923.587,1963.781,2004.902,2046.932,2089.850,2133.632,2178.248,2223.665,2269.845,2316.743,2364.310,2412.488,2461.215,2510.418,2560.016,2609.920,2660.029,2710.231,2760.403,2810.407,2860.089,2909.283,2957.802,3005.442,3051.976,3097.155,3140.707,3182.332,3221.698,3258.443,3292.168,3322.435,3348.765,3370.626,3387.437,3398.556,3403.277,3400.819,3390.315,3370.810,3341.235,3300.405,3246.989,3179.498,3096.256,2995.368,2874.694,2731.808,2563.970,2368.109,2140.851,1878.653,1578.158,1236.998,855.357,438.547,0.000,0.000,0.000,0.000,0.000,0.000,0.000,0.000,0.000,0.000,0.000,0.000,0.000,0.000,0.000,0.000,0.000,0.000,0.000,0.000,0.000,0.000,0.000,0.000,0.000,0.000,0.000
0.000,0.000,0.000,0.000,0.000,0.000,0.000,0.000,0.000,0.000,0.000,0.000,0.000,0.000,0.000,0.000,0.000,0.000,0.000,0.000,0.000,0.000,0.000,0.000,181.959,383.288,706.134,1020.769,1307.989,1567.626,1802.086,2013.663,2204.265,2375.501,2528.765,2665.306,2786.264,2892.692,2985.580,3065.854,3134.395,3192.035,3239.561,3277.725,3307.236,3328.769,3342.961,3350.416,3351.704,3347.362,3337.895,3323.778,3305.458,3283.349,3257.843,3229.303,3198.067,3164.450,3128.742,3091.216,3052.120,3011.685,2970.124,2927.633,2884.391,2840.563,2796.300,2751.740,2707.008,2662.218,2617.476,2572.875,2528.501,2484.431,2440.734,2397.474,2354.706,2312.481,2270.843,2229.833,2189.486,2149.833,2110.901,2072.715,2035.296,1998.661,1962.828,1927.807,1893.613,1860.253,1827.735,1796.066,1765.251,1735.293,1706.196,1677.961,1650.590,1624.082,1598.439,1573.658,1549.740,1526.684,1504.486,1483.147,1462.663,1443.033,1424.255,1406.326,1389.245,1373.011,1357.619,1343.071,1329.362,1316.494,1304.463,1293.270,1282.914,1273.393,1264.709,1256.861,1249.850,1243.676,1238.341,1233.845,1230.191,1227.380,1225.416,1224.300,1224.036,1224.627,1226.077,1228.390,1231.571,1235.624,1240.554,1246.367,1253.069,1260.665,1269.163,1278.570,1288.891,1300.135,1312.309,1325.421,1339.480,1354.493,1370.470,1387.419,1405.350,1424.271,1444.191,1465.120,1487.068,1510.043,1534.055,1559.113,1585.227,1612.404,1640.655,1669.986,1700.405,1731.921,1764.540,1798.267,1833.107,1869.065,1906.144,1944.346,1983.671,2024.117,2065.683,2108.361,2152.146,2197.027,2242.993,2290.026,2338.108,2387.216,2437.322,2488.395,2540.398,2593.288,2647.017,2701.529,2756.761,2812.642,2869.092,2926.022,2983.331,3040.907,3098.625,3156.348,3213.921,3271.174,3327.919,3383.949,3439.033,3492.921,3545.333,3595.966,3644.481,3690.512,3733.652,3773.457,3809.438,3841.060,3867.733,3888.809,3903.577,3911.251,3910.965,3901.763,3882.585,3852.251,3809.449,3752.707,3680.372,3590.574,3481.183,3349.761,3193.489,3009.090,2792.724,2539.888,2245.353,1903.266,1507.748,1054.751,546.546,0.000,0.000,0.000,0.000,0.000,0.000,0.000,0.000,0.000,0.000,0.000,0.000,0.000,0.000,0.000,0.000,0.000,0.000,0.000,0.000,0.000,0.000,0.000,0.000,0.000,0.000,0.000
0.000,0.000,0.000,0.000,0.000,0.000,0.000,0.000,0.000,0.000,0.000,0.000,0.000,0.000,0.000,0.000,0.000,0.000,0.000,0.000,0.000,0.000,0.000,0.000,344.564,645.092,965.044,1281.345,1579.988,1856.061,2108.650,2338.323,2546.141,2733.305,2901.033,3050.507,3182.868,3299.211,3400.582,3487.982,3562.367,3624.653,3675.711,3716.371,3747.425,3769.624,3783.680,3790.266,3790.021,3783.542,3771.397,3754.114,3732.193,3706.097,3676.262,3643.093,3606.967,3568.234,3527.218,3484.220,3439.517,3393.365,3346.001,3297.640,3248.483,3198.711,3148.490,3097.973,3047.299,2996.594,2945.973,2895.538,2845.385,2795.599,2746.254,2697.421,2649.161,2601.527,2554.571,2508.335,2462.857,2418.172,2374.310,2331.296,2289.153,2247.901,2207.556,2168.134,2129.645,2092.100,2055.508,2019.874,1985.203,1951.501,1918.769,1887.009,1856.222,1826.409,1797.569,1769.701,1742.804,1716.876,1691.915,1667.919,1644.886,1622.814,1601.699,1581.539,1562.333,1544.077,1526.770,1510.410,1494.995,1480.523,1466.993,1454.403,1442.754,1432.045,1422.274,1413.444,1405.553,1398.603,1392.595,1387.530,1383.411,1380.238,1378.017,1376.749,1376.438,1377.087,1378.701,1381.285,1384.843,1389.382,1394.905,1401.421,1408.935,1417.455,1426.987,1437.540,1449.121,1461.739,1475.403,1490.120,1505.901,1522.756,1540.693,1559.723,1579.857,1601.103,1623.475,1646.980,1671.631,1697.438,1724.412,1752.562,1781.900,1812.436,1844.180,1877.140,1911.327,1946.749,1983.413,2021.326,2060.495,2100.925,2142.620,2185.583,2229.813,2275.311,2322.074,2370.097,2419.372,2469.890,2521.636,2574.596,2628.747,2684.066,2740.522,2798.083,2856.708,2916.351,2976.960,3038.473,3100.823,3163.931,3227.712,3292.067,3356.885,3422.045,3487.412,3552.831,3618.136,3683.140,3747.636,3811.398,3874.172,3935.683,3995.627,4053.666,4109.434,4162.526,4212.498,4258.862,4301.085,4338.580,4370.703,4396.749,4415.940,4427.424,4430.260,4423.410,4405.727,4375.938,4332.624,4274.201,4198.882,4104.647,3989.182,3849.818,3683.427,3486.294,3253.912,2980.716,2659.686,2281.869,1836.025,1309.382,692.896,0.000,0.000,0.000,0.000,0.000,0.000,0.000,0.000,0.000,0.000,0.000,0.000,0.000,0.000,0.000,0.000,0.000,0.000,0.000,0.000,0.000,0.000,0.000,0.000,0.000,0.000,0.000
0.000,0.000,0.000,0.000,0.000,0.000,0.000,0.000,0.000,0.000,0.000,0.000,0.000,0.000,0.000,0.000,0.000,0.000,0.000,0.000,0.000,0.000,0.000,228.462,551.236,887.514,1227.667,1559.657,1874.651,2168.088,2438.257,2684.978,2908.824,3110.717,3291.737,3453.017,3595.703,3720.927,3829.792,3923.373,4002.702,4068.774,4122.544,4164.923,4196.781,4218.946,4232.203,4237.296,4234.927,4225.759,4210.416,4189.482,4163.505,4132.998,4098.440,4060.275,4018.919,3974.755,3928.140,3879.402,3828.845,3776.751,3723.375,3668.956,3613.709,3557.834,3501.512,3444.909,3388.175,3331.447,3274.850,3218.496,3162.487,3106.914,3051.861,2997.399,2943.598,2890.514,2838.202,2786.707,2736.071,2686.330,2637.516,2589.656,2542.775,2496.893,2452.029,2408.196,2365.408,2323.675,2283.005,2243.404,2204.879,2167.432,2131.067,2095.784,2061.585,2028.470,1996.436,1965.485,1935.612,1906.818,1879.097,1852.450,1826.871,1802.360,1778.912,1756.526,1735.197,1714.925,1695.705,1677.536,1660.416,1644.342,1629.314,1615.330,1602.389,1590.490,1579.634,1569.820,1561.048,1553.321,1546.638,1541.001,1536.413,1532.877,1530.395,1528.970,1528.606,1529.308,1531.081,1533.929,1537.858,1542.874,1548.984,1556.193,1564.511,1573.944,1584.501,1596.190,1609.021,1623.001,1638.142,1654.453,1671.944,1690.627,1710.511,1731.609,1753.932,1777.492,1802.300,1828.367,1855.707,1884.331,1914.252,1945.480,1978.029,2011.909,2047.132,2083.708,2121.649,2160.964,2201.662,2243.751,2287.239,2332.131,2378.434,2426.151,2475.282,2525.829,2577.789,2631.157,2685.927,2742.088,2799.627,2858.526,2918.764,2980.316,3043.151,3107.233,3172.519,3238.961,3306.502,3375.078,3444.615,3515.031,3586.232,3658.113,3730.556,3803.430,3876.587,3949.863,4023.078,4096.031,4168.498,4240.233,4310.966,4380.397,4448.196,4514.003,4577.418,4638.006,4695.287,4748.736,4797.777,4841.779,4880.049,4911.830,4936.289,4952.512,4959.496,4956.136,4941.212,4913.375,4871.126,4812.794,4736.503,4640.130,4521.250,4377.059,4204.256,3998.878,3756.036,3469.484,3130.896,2728.573,2245.158,1653.891,915.672,0.000,0.000,0.000,0.000,0.000,0.000,0.000,0.000,0.000,0.000,0.000,0.000,0.000,0.000,0.000,0.000,0.000,0.000,0.000,0.000,0.000,0.000,0.000,0.000,0.000,0.000,0.000
0.000,0.000,0.000,0.000,0.000,0.000,0.000,0.000,0.000,0.000,0.000,0.000,0.000,0.000,0.000,0.000,0.000,0.000,0.000,0.000,0.000,0.000,0.000,362.633,744.441,1126.116,1498.523,1855.058,2190.977,2503.507,2791.452,3054.666,3293.632,3509.193,3702.385,3874.340,4026.234,4159.247,4274.551,4373.292,4456.583,4525.503,4581.086,4624.327,4656.175,4677.534,4689.262,4692.171,4687.029,4674.561,4655.446,4630.324,4599.791,4564.407,4524.691,4481.128,4434.168,4384.230,4331.696,4276.925,4220.246,4161.961,4102.348,4041.662,3980.138,3917.989,3855.409,3792.578,3729.655,3666.789,3604.112,3541.745,3479.796,3418.363,3357.533,3297.386,3237.991,3179.411,3121.703,3064.915,3009.090,2954.268,2900.480,2847.757,2796.123,2745.599,2696.205,2647.955,2600.862,2554.936,2510.186,2466.618,2424.238,2383.049,2343.052,2304.250,2266.642,2230.228,2195.006,2160.975,2128.132,2096.475,2066.001,2036.706,2008.588,1981.642,1955.866,1931.257,1907.811,1885.524,1864.395,1844.421,1825.598,1807.926,1791.401,1776.023,1761.792,1748.704,1736.762,1725.963,1716.310,1707.803,1700.443,1694.233,1689.173,1685.268,1682.520,1680.934,1680.513,1681.261,1683.186,1686.291,1690.582,1696.068,1702.754,1710.649,1719.761,1730.097,1741.667,1754.481,1768.549,1783.879,1800.485,1818.376,1837.563,1858.060,1879.877,1903.028,1927.525,1953.382,1980.610,2009.224,2039.237,2070.662,2103.514,2137.804,2173.547,2210.755,2249.441,2289.619,2331.298,2374.492,2419.210,2465.462,2513.257,2562.602,2613.503,2665.966,2719.992,2775.584,2832.739,2891.453,2951.721,3013.532,3076.873,3141.726,3208.071,3275.880,3345.122,3415.759,3487.748,3561.037,3635.566,3711.270,3788.069,3865.878,3944.596,4024.113,4104.303,4185.028,4266.130,4347.436,4428.754,4509.868,4590.542,4670.514,4749.494,4827.163,4903.171,4977.132,5048.622,5117.174,5182.280,5243.379,5299.858,5351.048,5396.214,5434.551,5465.180,5487.136,5499.363,5500.700,5489.872,5465.473,5425.948,5369.573,5294.420,5198.322,5078.821,4933.089,4757.822,4549.077,4302.004,4010.409,3665.943,3256.458,2762.209,2145.397,1315.919,0.000,0.000,0.000,0.000,0.000,0.000,0.000,0.000,0.000,0.000,0.000,0.000,0.000,0.000,0.000,0.000,0.000,0.000,0.000,0.000,0.000,0.000,0.000,0.000,0.000,0.000,0.000
0.000,0.000,0.000,0.000,0.000,0.000,0.000,0.000,0.000,0.000,0.000,0.000,0.000,0.000,0.000,0.000,0.000,0.000,0.000,0.000,0.000,0.000,0.000,477.655,937.825,1374.049,1785.337,2171.178,2530.813,2863.650,3169.537,3448.775,3702.036,3930.245,4134.493,4315.967,4475.902,4615.551,4736.161,4838.963,4925.155,4995.900,5052.319,5095.488,5126.437,5146.145,5155.544,5155.515,5146.891,5130.455,5106.945,5077.050,5041.416,5000.646,4955.301,4905.903,4852.936,4796.847,4738.051,4676.931,4613.837,4549.094,4483.000,4415.825,4347.820,4279.211,4210.207,4140.995,4071.747,4002.620,3933.752,3865.272,3797.294,3729.921,3663.246,3597.350,3532.307,3468.184,3405.037,3342.920,3281.876,3221.945,3163.162,3105.556,3049.153,2993.976,2940.042,2887.367,2835.963,2785.841,2737.010,2689.475,2643.241,2598.311,2554.686,2512.368,2471.355,2431.647,2393.242,2356.137,2320.330,2285.816,2252.593,2220.657,2190.004,2160.630,2132.531,2105.704,2080.144,2055.849,2032.814,2011.037,1990.516,1971.246,1953.228,1936.458,1920.936,1906.661,1893.632,1881.849,1871.313,1862.024,1853.985,1847.197,1841.663,1837.384,1834.367,1832.613,1832.128,1832.917,1834.985,1838.339,1842.986,1848.932,1856.186,1864.755,1874.649,1885.877,1898.449,1912.375,1927.666,1944.334,1962.389,1981.845,2002.714,2025.008,2048.743,2073.930,2100.585,2128.720,2158.352,2189.495,2222.163,2256.371,2292.135,2329.469,2368.388,2408.906,2451.039,2494.799,2540.201,2587.258,2635.980,2686.381,2738.469,2792.253,2847.742,2904.942,2963.856,3024.486,3086.834,3150.894,3216.662,3284.129,3353.282,3424.104,3496.572,3570.662,3646.341,3723.569,3802.303,3882.490,3964.067,4046.967,4131.107,4216.397,4302.735,4390.003,4478.071,4566.793,4656.004,4745.523,4835.147,4924.649,5013.782,5102.269,5189.805,5276.053,5360.645,5443.173,5523.191,5600.208,5673.685,5743.035,5807.613,5866.714,5919.566,5965.328,6003.079,6031.813,6050.430,6057.729,6052.390,6032.971,5997.884,5945.378,5873.517,5780.141,5662.831,5518.848,5345.048,5137.768,4892.644,4604.342,4266.127,3869.209,3401.902,2849.626,2202.638,1511.111,1204.772,1030.182,905.480,800.071,700.505,599.857,494.140,381.122,260.113,132.129,0.000,0.000,0.000,0.000,0.000,0.000,0.000,0.000,0.000,0.000,0.159,0.275,0.317,0.274,0.158,0.000
0.000,0.000,0.000,0.000,0.000,0.000,0.000,0.000,0.000,0.000,0.000,0.000,0.000,0.000,0.000,0.000,0.000,0.000,0.000,0.000,0.000,0.000,0.000,610.197,1155.210,1646.994,2097.695,2513.619,2897.580,3250.899,3574.442,3869.054,4135.701,4375.485,4589.621,4779.394,4946.135,5091.188,5215.893,5321.574,5409.520,5480.985,5537.179,5579.263,5608.348,5625.490,5631.695,5627.911,5615.035,5593.910,5565.328,5530.029,5488.706,5442.004,5390.521,5334.817,5275.407,5212.768,5147.341,5079.531,5009.712,4938.227,4865.391,4791.489,4716.787,4641.523,4565.916,4490.163,4414.446,4338.926,4263.751,4189.054,4114.954,4041.558,3968.962,3897.253,3826.506,3756.789,3688.161,3620.677,3554.381,3489.315,3425.514,3363.007,3301.820,3241.977,3183.494,3126.387,3070.668,3016.348,2963.435,2911.933,2861.847,2813.179,2765.930,2720.100,2675.687,2632.691,2591.109,2550.936,2512.171,2474.807,2438.842,2404.272,2371.090,2339.294,2308.877,2279.838,2252.170,2225.869,2200.934,2177.359,2155.141,2134.278,2114.768,2096.608,2079.797,2064.334,2050.219,2037.451,2026.030,2015.959,2007.238,1999.869,1993.855,1989.200,1985.907,1983.980,1983.425,1984.246,1986.451,1990.046,1995.037,2001.434,2009.244,2018.476,2029.141,2041.248,2054.808,2069.832,2086.333,2104.322,2123.812,2144.817,2167.350,2191.426,2217.059,2244.265,2273.058,2303.455,2335.470,2369.122,2404.425,2441.397,2480.053,2520.410,2562.485,2606.295,2651.854,2699.178,2748.284,2799.185,2851.894,2906.426,2962.792,3021.002,3081.065,3142.991,3206.783,3272.445,3339.980,3409.384,3480.655,3553.782,3628.756,3705.559,3784.170,3864.564,3946.708,4030.564,4116.087,4203.222,4291.909,4382.074,4473.636,4566.502,4660.565,4755.705,4851.787,4948.659,5046.151,5144.075,5242.219,5340.349,5438.205,5535.500,5631.915,5727.101,5820.672,5912.203,6001.227,6087.233,6169.660,6247.893,6321.261,6389.031,6450.400,6504.494,6550.360,6586.959,6613.156,6627.718,6629.301,6616.436,6587.523,6540.811,6474.384,6386.135,6273.743,6134.637,5965.953,5764.486,5526.630,5248.339,4925.148,4552.463,4126.664,3648.644,3133.955,2637.077,2277.830,2010.507,1791.695,1594.319,1402.110,1204.798,995.592,770.246,527.204,268.404,0.000,0.000,0.000,0.000,0.000,0.000,0.000,0.000,0.000,0.000,0.360,0.623,0.719,0.622,0.359,0.000
0.000,0.000,0.000,0.000,0.000,0.000,0.000,0.000,0.000,0.000,0.000,0.000,0.000,0.000,0.000,0.000,0.000,0.000,0.000,0.000,0.000,0.000,0.000,807.961,1425.889,1961.109,2444.938,2888.151,3295.138,3668.094,4008.468,4317.506,4596.455,4846.621,5069.376,5266.138,5438.358,5587.493,5714.990,5822.274,5910.739,5981.733,6036.558,6076.463,6102.643,6116.233,6118.309,6109.891,6091.936,6065.346,6030.967,5989.588,5941.946,5888.726,5830.564,5768.053,5701.738,5632.122,5559.671,5484.812,5407.939,5329.410,5249.557,5168.679,5087.053,5004.928,4922.531,4840.069,4757.730,4675.682,4594.078,4513.054,4432.735,4353.231,4274.640,4197.050,4120.539,4045.178,3971.025,3898.136,3826.557,3756.329,3687.486,3620.060,3554.075,3489.553,3426.513,3364.968,3304.931,3246.411,3189.416,3133.948,3080.013,3027.611,2976.742,2927.406,2879.601,2833.323,2788.570,2745.338,2703.621,2663.415,2624.716,2587.517,2551.814,2517.602,2484.876,2453.630,2423.859,2395.560,2368.728,2343.358,2319.448,2296.995,2275.995,2256.448,2238.349,2221.700,2206.498,2192.744,2180.438,2169.581,2160.176,2152.223,2145.726,2140.688,2137.114,2135.008,2134.375,2135.221,2137.554,2141.380,2146.706,2153.542,2161.897,2171.780,2183.203,2196.175,2210.709,2226.817,2244.511,2263.805,2284.713,2307.249,2331.429,2357.267,2384.780,2413.983,2444.895,2477.532,2511.911,2548.049,2585.966,2625.679,2667.206,2710.565,2755.774,2802.852,2851.816,2902.683,2955.471,3010.195,3066.872,3125.517,3186.142,3248.761,3313.385,3380.022,3448.681,3519.367,3592.082,3666.827,3743.598,3822.390,3903.191,3985.987,4070.758,4157.478,4246.118,4336.637,4428.992,4523.129,4618.985,4716.489,4815.556,4916.093,5017.990,5121.126,5225.362,5330.542,5436.493,5543.021,5649.908,5756.913,5863.767,5970.176,6075.809,6180.306,6283.267,6384.254,6482.784,6578.327,6670.303,6758.078,6840.958,6918.184,6988.930,7052.297,7107.304,7152.885,7187.882,7211.040,7220.995,7216.271,7195.268,7156.252,7097.351,7016.536,6911.617,6780.235,6619.857,6427.792,6201.236,5937.403,5633.813,5288.964,4903.762,4484.428,4047.541,3625.481,3259.023,2942.367,2656.513,2383.437,2108.846,1821.658,1513.202,1177.077,810.064,414.289,0.000,0.000,0.000,0.000,0.000,0.000,0.000,0.000,0.000,0.000,0.658,1.139,1.314,1.137,0.656,0.000
0.000,0.000,0.000,0.000,0.000,0.000,0.000,0.000,0.000,0.000,0.000,0.000,0.000,0.000,0.000,0.000,0.000,0.000,0.000,0.000,0.000,274.595,616.663,1195.809,1779.352,2326.712,2832.915,3299.053,3726.891,4118.055,4474.033,4796.274,5086.240,5345.436,5575.408,5777.731,5953.993,6105.780,6234.662,6342.179,6429.830,6499.069,6551.294,6587.846,6610.004,6618.981,6615.930,6601.934,6578.016,6545.135,6504.186,6456.006,6401.375,6341.017,6275.603,6205.754,6132.044,6055.002,5975.115,5892.829,5808.555,5722.668,5635.510,5547.395,5458.607,5369.406,5280.027,5190.682,5101.565,5012.848,4924.688,4837.227,4750.589,4664.888,4580.224,4496.686,4414.353,4333.295,4253.574,4175.243,4098.348,4022.930,3949.025,3876.661,3805.864,3736.654,3669.049,3603.062,3538.704,3475.984,3414.907,3355.476,3297.696,3241.565,3187.082,3134.247,3083.056,3033.505,2985.590,2939.305,2894.646,2851.606,2810.180,2770.362,2732.146,2695.526,2660.496,2627.051,2595.184,2564.892,2536.169,2509.010,2483.412,2459.372,2436.886,2415.952,2396.568,2378.733,2362.445,2347.704,2334.511,2322.867,2312.774,2304.234,2297.249,2291.824,2287.963,2285.670,2284.952,2285.814,2288.265,2292.312,2297.963,2305.226,2314.114,2324.635,2336.801,2350.624,2366.116,2383.290,2402.161,2422.742,2445.049,2469.098,2494.904,2522.484,2551.856,2583.036,2616.045,2650.899,2687.618,2726.221,2766.728,2809.157,2853.531,2899.867,2948.186,2998.508,3050.852,3105.239,3161.685,3220.211,3280.834,3343.570,3408.435,3475.444,3544.609,3615.943,3689.455,3765.152,3843.039,3923.119,4005.389,4089.846,4176.481,4265.280,4356.226,4449.294,4544.456,4641.674,4740.904,4842.093,4945.181,5050.095,5156.751,5265.055,5374.897,5486.155,5598.688,5712.340,5826.932,5942.268,6058.126,6174.260,6290.397,6406.234,6521.434,6635.627,6748.404,6859.316,6967.866,7073.512,7175.659,7273.655,7366.789,7454.284,7535.293,7608.897,7674.095,7729.801,7774.840,7807.941,7827.731,7832.732,7821.355,7791.895,7742.531,7671.323,7576.222,7455.080,7305.683,7125.806,6913.322,6666.409,6383.906,6065.966,5715.125,5337.882,4946.400,4558.369,4190.489,3843.490,3508.610,3174.116,2828.219,2459.819,2058.508,1614.817,1121.697,578.690,0.000,0.000,0.000,0.000,0.000,0.000,0.000,0.000,0.000,0.000,1.134,1.961,2.261,1.955,1.127,0.000
0.000,0.000,0.000,0.000,0.000,0.000,0.000,0.000,0.000,0.000,0.000,0.000,0.000,0.000,0.000,0.000,0.000,0.000,0.000,0.000,0.000,481.738,996.286,1579.322,2169.087,2733.582,3261.089,3748.411,4195.498,4603.401,4973.559,5307.559,5607.058,5873.761,6109.397,6315.713,6494.451,6647.342,6776.089,6882.357,6967.763,7033.868,7082.173,7114.112,7131.052,7134.286,7125.039,7104.464,7073.644,7033.591,6985.254,6929.512,6867.186,6799.036,6725.764,6648.021,6566.404,6481.466,6393.711,6303.604,6211.570,6117.996,6023.236,5927.613,5831.419,5734.921,5638.360,5541.953,5445.896,5350.367,5255.524,5161.511,5068.454,4976.468,4885.653,4796.098,4707.884,4621.079,4535.744,4451.934,4369.692,4289.061,4210.071,4132.754,4057.131,3983.224,3911.048,3840.615,3771.935,3705.015,3639.859,3576.471,3514.850,3454.996,3396.908,3340.582,3286.014,3233.198,3182.130,3132.803,3085.210,3039.346,2995.204,2952.776,2912.055,2873.036,2835.710,2800.073,2766.118,2733.839,2703.231,2674.288,2647.007,2621.384,2597.415,2575.098,2554.430,2535.409,2518.035,2502.308,2488.226,2475.793,2465.009,2455.877,2448.400,2442.581,2438.426,2435.940,2435.128,2435.998,2438.558,2442.814,2448.777,2456.457,2465.863,2477.008,2489.902,2504.559,2520.993,2539.217,2559.245,2581.095,2604.781,2630.322,2657.733,2687.033,2718.240,2751.375,2786.456,2823.503,2862.537,2903.579,2946.650,2991.771,3038.964,3088.252,3139.654,3193.194,3248.893,3306.772,3366.852,3429.153,3493.697,3560.501,3629.583,3700.960,3774.648,3850.660,3929.009,4009.703,4092.751,4178.156,4265.921,4356.041,4448.513,4543.323,4640.456,4739.892,4841.602,4945.551,5051.697,5159.990,5270.369,5382.764,5497.093,5613.260,5731.159,5850.666,5971.641,6093.927,6217.345,6341.696,6466.759,6592.282,6717.991,6843.577,6968.701,7092.985,7216.013,7337.329,7456.428,7572.757,7685.710,7794.624,7898.773,7997.368,8089.546,8174.371,8250.830,8317.820,8374.156,8418.555,8449.643,8465.942,8465.879,8447.780,8409.874,8350.306,8267.154,8158.451,8022.243,7856.661,7660.057,7431.204,7169.619,6876.037,6553.037,6205.711,5841.925,5471.210,5101.166,4732.573,4360.391,3976.258,3570.146,3130.932,2646.227,2102.012,1483.230,778.781,0.000,0.000,0.000,0.000,0.000,0.000,0.000,0.000,0.000,0.000,1.916,3.312,3.814,3.295,1.899,0.000
0.000,0.000,0.000,0.000,0.000,0.000,0.000,0.000,0.000,0.000,0.000,0.000,0.000,0.000,0.000,0.000,0.000,0.000,0.000,0.000,0.000,656.099,1307.475,1956.180,2584.188,3177.564,3729.595,4238.174,4703.480,5126.708,5509.482,5853.605,6160.958,6433.458,6673.036,6881.621,7061.127,7213.440,7340.410,7443.834,7525.454,7586.946,7629.917,7655.898,7666.344,7662.631,7646.057,7617.840,7579.123,7530.973,7474.384,7410.280,7339.517,7262.890,7181.130,7094.911,7004.854,6911.531,6815.462,6717.126,6616.959,6515.361,6412.692,6309.284,6205.434,6101.413,5997.466,5893.814,5790.655,5688.168,5586.514,5485.834,5386.257,5287.896,5190.852,5095.214,5001.059,4908.458,4817.468,4728.142,4640.525,4554.654,4470.562,4388.276,4307.818,4229.206,4152.453,4077.573,4004.571,3933.454,3864.224,3796.883,3731.430,3667.862,3606.177,3546.369,3488.434,3432.364,3378.154,3325.795,3275.280,3226.602,3179.754,3134.726,3091.510,3050.101,3010.489,2972.669,2936.633,2902.374,2869.888,2839.167,2810.209,2783.007,2757.559,2733.861,2711.910,2691.706,2673.246,2656.531,2641.560,2628.335,2616.857,2607.129,2599.154,2592.936,2588.481,2585.793,2584.879,2585.747,2588.404,2592.859,2599.122,2607.203,2617.114,2628.867,2642.473,2657.948,2675.305,2694.560,2715.727,2738.825,2763.869,2790.879,2819.872,2850.868,2883.888,2918.950,2956.078,2995.292,3036.615,3080.069,3125.676,3173.460,3223.445,3275.654,3330.111,3386.840,3445.864,3507.207,3570.892,3636.942,3705.379,3776.224,3849.498,3925.219,4003.407,4084.076,4167.242,4252.917,4341.111,4431.831,4525.081,4620.862,4719.169,4819.995,4923.327,5029.146,5137.427,5248.138,5361.240,5476.684,5594.413,5714.357,5836.439,5960.566,6086.631,6214.514,6344.075,6475.158,6607.588,6741.164,6875.664,7010.839,7146.412,7282.073,7417.481,7552.256,7685.979,7818.187,7948.372,8075.975,8200.382,8320.921,8436.861,8547.399,8651.664,8748.710,8837.511,8916.958,8985.853,9042.911,9086.753,9115.908,9128.817,9123.829,9099.219,9053.200,8983.942,8889.616,8768.446,8618.793,8439.276,8228.948,7987.530,7715.709,7415.442,7090.150,6744.512,6383.502,6010.499,5625.338,5224.206,4800.448,4345.237,3847.588,3293.496,2663.803,1930.449,1053.211,0.000,0.000,0.000,0.000,0.000,0.000,0.000,0.000,0.000,0.000,3.218,5.556,6.390,5.513,3.174,0.000
0.000,0.000,0.000,0.000,0.000,0.000,0.000,0.000,0.000,0.000,0.000,0.000,0.000,0.000,0.000,0.000,0.000,0.000,0.000,0.000,0.000,835.219,1621.394,2353.821,3034.032,3663.025,4241.713,4771.394,5253.747,5690.700,6084.310,6436.699,6750.012,7026.403,7268.016,7476.980,7655.389,7805.300,7928.715,8027.577,8103.756,8159.052,8195.179,8213.769,8216.368,8204.431,8179.331,8142.351,8094.692,8037.470,7971.726,7898.423,7818.451,7732.634,7641.729,7546.433,7447.385,7345.172,7240.329,7133.345,7024.666,6914.698,6803.808,6692.332,6580.570,6468.798,6357.260,6246.180,6135.755,6026.164,5917.569,5810.108,5703.911,5599.088,5495.739,5393.951,5293.801,5195.354,5098.668,5003.793,4910.773,4819.641,4730.430,4643.162,4557.859,4474.536,4393.207,4313.878,4236.558,4161.248,4087.950,4016.664,3947.387,3880.115,3814.844,3751.566,3690.275,3630.963,3573.623,3518.245,3464.820,3413.341,3363.797,3316.180,3270.482,3226.693,3184.805,3144.811,3106.702,3070.472,3036.114,3003.623,2972.992,2944.216,2917.293,2892.217,2868.987,2847.600,2828.055,2810.352,2794.490,2780.470,2768.295,2757.966,2749.488,2742.865,2738.101,2735.204,2734.178,2735.033,2737.777,2742.418,2748.968,2757.437,2767.837,2780.182,2794.484,2810.758,2829.019,2849.284,2871.569,2895.893,2922.272,2950.728,2981.279,3013.946,3048.751,3085.715,3124.862,3166.215,3209.797,3255.633,3303.746,3354.164,3406.909,3462.010,3519.490,3579.376,3641.694,3706.470,3773.729,3843.497,3915.797,3990.654,4068.090,4148.128,4230.789,4316.091,4404.052,4494.687,4588.010,4684.030,4782.754,4884.187,4988.327,5095.171,5204.708,5316.924,5431.796,5549.296,5669.388,5792.028,5917.161,6044.722,6174.636,6306.814,6441.153,6577.535,6715.824,6855.868,6997.492,7140.500,7284.672,7429.761,7575.490,7721.554,7867.609,8013.278,8158.140,8301.733,8443.546,8583.019,8719.534,8852.416,8980.929,9104.264,9221.545,9331.820,9434.056,9527.136,9609.860,9680.936,9738.985,9782.541,9810.050,9819.881,9810.339,9779.676,9726.124,9647.933,9543.422,9411.058,9249.558,9058.015,8836.061,8584.026,8303.055,7995.098,7662.620,7307.920,6932.109,6534.182,6110.740,5656.176,5162.835,4620.749,4016.413,3329.295,2521.574,1503.624,0.000,0.000,0.000,0.000,0.000,0.000,0.000,0.000,0.000,0.000,5.399,9.306,10.678,9.191,5.283,0.000
0.000,0.000,0.000,0.000,0.000,0.000,0.000,0.000,0.000,0.000,0.000,0.000,0.000,0.000,0.000,0.000,0.000,0.000,0.000,0.000,0.000,1063.426,1989.129,2803.776,3535.216,4198.938,4803.011,5352.139,5849.638,6298.282,6700.633,7059.165,7376.309,7654.469,7896.016,8103.286,8278.568,8424.097,8542.040,8634.489,8703.455,8750.862,8778.536,8788.214,8781.529,8760.022,8725.135,8678.214,8620.515,8553.205,8477.364,8393.992,8304.009,8208.265,8107.539,8002.546,7893.941,7782.323,7668.235,7552.176,7434.597,7315.909,7196.481,7076.651,6956.723,6836.969,6717.635,6598.943,6481.089,6364.251,6248.586,6134.234,6021.318,5909.948,5800.220,5692.219,5586.019,5481.681,5379.262,5278.808,5180.358,5083.947,4989.601,4897.342,4807.188,4719.153,4633.245,4549.472,4467.837,4388.341,4310.985,4235.764,4162.674,4091.710,4022.864,3956.129,3891.496,3828.956,3768.500,3710.116,3653.795,3599.527,3547.302,3497.109,3448.939,3402.782,3358.629,3316.471,3276.299,3238.107,3201.885,3167.630,3135.332,3104.989,3076.594,3050.145,3025.637,3003.070,2982.440,2963.748,2946.993,2932.177,2919.300,2908.367,2899.380,2892.345,2887.265,2884.149,2883.002,2883.833,2886.652,2891.466,2898.288,2907.130,2918.004,2930.922,2945.901,2962.955,2982.101,3003.355,3026.735,3052.261,3079.952,3109.828,3141.910,3176.222,3212.784,3251.622,3292.759,3336.220,3382.030,3430.216,3480.804,3533.821,3589.295,3647.253,3707.722,3770.732,3836.310,3904.485,3975.284,4048.735,4124.865,4203.701,4285.269,4369.594,4456.698,4546.605,4639.335,4734.907,4833.336,4934.638,5038.822,5145.895,5255.861,5368.720,5484.465,5603.085,5724.564,5848.876,5975.990,6105.866,6238.454,6373.694,6511.515,6651.832,6794.547,6939.548,7086.704,7235.866,7386.865,7539.510,7693.584,7848.846,8005.023,8161.814,8318.878,8475.843,8632.290,8787.761,8941.746,9093.686,9242.967,9388.912,9530.784,9667.776,9799.008,9923.525,10040.293,10148.190,10246.013,10332.468,10406.173,10465.661,10509.382,10535.711,10542.961,10529.404,10493.291,10432.896,10346.558,10232.749,10090.150,9917.744,9714.907,9481.492,9217.850,8924.747,8603.115,8253.595,7875.970,7468.660,7028.503,6550.774,6029.260,5456.227,4822.169,4115.431,3322.961,2439.726,1529.021,1062.635,744.941,481.152,237.305,0.000,0.000,0.000,0.000,0.000,9.072,15.592,17.825,15.291,8.769,0.000
0.000,0.000,0.000,0.000,0.000,0.000,0.000,0.000,0.000,0.000,0.000,0.000,0.000,0.000,0.000,0.000,0.000,0.000,0.000,0.000,0.000,1429.406,2468.002,3337.044,4104.255,4794.658,5419.442,5984.724,6494.620,6952.420,7361.063,7723.332,8041.931,8319.512,8558.682,8761.994,8931.941,9070.945,9181.346,9265.398,9325.254,9362.966,9380.480,9379.632,9362.150,9329.654,9283.655,9225.561,9156.681,9078.224,8991.310,8896.968,8796.148,8689.719,8578.479,8463.156,8344.417,8222.867,8099.058,7973.492,7846.622,7718.861,7590.578,7462.111,7333.759,7205.795,7078.462,6951.977,6826.534,6702.307,6579.449,6458.095,6338.366,6220.367,6104.191,5989.917,5877.615,5767.346,5659.159,5553.098,5449.199,5347.491,5248.000,5150.742,5055.735,4962.986,4872.503,4784.291,4698.350,4614.678,4533.273,4454.129,4377.240,4302.597,4230.193,4160.016,4092.056,4026.303,3962.746,3901.372,3842.170,3785.128,3730.235,3677.480,3626.852,3578.340,3531.933,3487.622,3445.398,3405.252,3367.177,3331.164,3297.208,3265.302,3235.441,3207.622,3181.840,3158.093,3136.379,3116.698,3099.049,3083.433,3069.852,3058.309,3048.808,3041.353,3035.950,3032.606,3031.327,3032.123,3035.003,3039.977,3047.057,3056.255,3067.584,3081.060,3096.696,3114.510,3134.518,3156.738,3181.190,3207.893,3236.869,3268.139,3301.726,3337.652,3375.942,3416.623,3459.718,3505.255,3553.261,3603.764,3656.791,3712.373,3770.539,3831.318,3894.741,3960.837,4029.638,4101.174,4175.477,4252.575,4332.499,4415.279,4500.943,4589.519,4681.035,4775.515,4872.984,4973.465,5076.976,5183.536,5293.159,5405.857,5521.638,5640.504,5762.455,5887.485,6015.580,6146.722,6280.884,6418.031,6558.120,6701.094,6846.890,6995.430,7146.620,7300.355,7456.510,7614.943,7775.491,7937.971,8102.174,8267.862,8434.773,8602.610,8771.042,8939.700,9108.175,9276.012,9442.710,9607.715,9770.416,9930.144,10086.164,10237.671,10383.790,10523.566,10655.964,10779.864,10894.059,10997.254,11088.062,11165.013,11226.550,11271.042,11296.796,11302.071,11285.105,11244.145,11177.488,11083.534,10960.836,10808.169,10624.578,10409.414,10162.316,9883.121,9571.673,9227.536,8849.661,8436.116,7983.956,7489.259,6947.292,6352.810,5700.668,4987.354,4215.154,3403.323,2613.744,1976.592,1435.987,942.369,468.071,0.000,0.000,0.000,0.000,0.000,15.298,26.166,29.739,25.378,14.503,0.000
0.000,0.000,0.000,0.000,0.000,0.000,0.000,0.000,0.000,0.000,0.000,0.000,0.000,0.000,0.000,0.000,0.000,0.000,345.981,730.931,1248.282,2186.259,3116.522,3972.264,4750.248,5456.173,6095.573,6672.921,7191.951,7655.994,8068.172,8431.500,8748.927,9023.351,9257.617,9454.503,9616.719,9746.882,9847.518,9921.043,9969.762,9995.861,10001.402,9988.326,9958.454,9913.481,9854.987,9784.438,9703.189,9612.491,9513.496,9407.261,9294.756,9176.867,9054.406,8928.110,8798.652,8666.641,8532.631,8397.124,8260.573,8123.388,7985.935,7848.546,7711.519,7575.121,7439.588,7305.134,7171.946,7040.192,6910.021,6781.563,6654.931,6530.227,6407.536,6286.934,6168.486,6052.246,5938.261,5826.570,5717.204,5610.189,5505.544,5403.286,5303.424,5205.966,5110.915,5018.272,4928.035,4840.199,4754.759,4671.707,4591.035,4512.730,4436.783,4363.181,4291.913,4222.964,4156.323,4091.976,4029.909,3970.110,3912.566,3857.264,3804.192,3753.338,3704.690,3658.239,3613.974,3571.885,3531.965,3494.204,3458.595,3425.133,3393.812,3364.627,3337.573,3312.649,3289.852,3269.181,3250.636,3234.218,3219.930,3207.772,3197.750,3189.869,3184.133,3180.551,3179.130,3179.878,3182.807,3187.926,3195.248,3204.785,3216.552,3230.565,3246.838,3265.389,3286.237,3309.400,3334.899,3362.753,3392.987,3425.622,3460.683,3498.194,3538.181,3580.671,3625.692,3673.270,3723.436,3776.220,3831.650,3889.760,3950.579,4014.141,4080.477,4149.620,4221.605,4296.463,4374.228,4454.933,4538.611,4625.295,4715.017,4807.807,4903.697,5002.715,5104.890,5210.247,5318.810,5430.602,5545.640,5663.942,5785.520,5910.381,6038.531,6169.968,6304.685,6442.669,6583.899,6728.347,6875.974,7026.734,7180.567,7337.404,7497.160,7659.735,7825.014,7992.864,8163.130,8335.636,8510.183,8686.546,8864.469,9043.665,9223.813,9404.555,9585.491,9766.178,9946.124,10124.783,10301.556,10475.781,10646.731,10813.610,10975.549,11131.598,11280.725,11421.814,11553.657,11674.955,11784.318,11880.266,11961.228,12025.558,12071.534,12097.384,12101.296,12081.452,12036.059,11963.383,11861.792,11729.798,11566.084,11369.513,11139.104,10873.955,10573.111,10235.387,9859.180,9442.329,8982.071,8475.127,7917.940,7307.138,6640.413,5918.222,5147.027,4344.707,3546.067,2794.023,2080.061,1384.273,692.614,0.000,0.000,0.000,0.000,0.000,25.954,44.036,49.588,41.980,23.864,0.000
0.000,0.000,0.000,0.000,0.000,0.000,0.000,0.000,0.000,0.000,0.000,0.000,0.000,0.000,0.000,0.000,0.000,0.000,653.009,1329.493,2075.989,2950.907,3839.666,4685.376,5468.458,6184.397,6833.970,7419.675,7944.537,8411.727,8824.453,9185.917,9499.302,9767.752,9994.359,10182.142,10334.032,10452.859,10541.339,10602.061,10637.485,10649.932,10641.586,10614.492,10570.557,10511.554,10439.126,10354.792,10259.949,10155.884,10043.774,9924.701,9799.648,9669.514,9535.117,9397.200,9256.434,9113.431,8968.741,8822.862,8676.243,8529.285,8382.350,8235.764,8089.815,7944.763,7800.838,7658.244,7517.162,7377.752,7240.155,7104.494,6970.876,6839.394,6710.129,6583.150,6458.515,6336.273,6216.466,6099.126,5984.280,5871.949,5762.149,5654.890,5550.178,5448.018,5348.409,5251.347,5156.828,5064.844,4975.386,4888.444,4804.006,4722.058,4642.588,4565.581,4491.023,4418.898,4349.193,4281.891,4216.978,4154.440,4094.261,4036.429,3980.929,3927.748,3876.874,3828.296,3782.002,3737.982,3696.226,3656.726,3619.474,3584.463,3551.686,3521.139,3492.818,3466.719,3442.839,3421.179,3401.737,3384.515,3369.514,3356.736,3346.187,3337.871,3331.795,3327.964,3326.389,3327.077,3330.040,3335.288,3342.835,3352.695,3364.881,3379.410,3396.299,3415.565,3437.229,3461.309,3487.827,3516.806,3548.268,3582.239,3618.743,3657.806,3699.457,3743.722,3790.632,3840.215,3892.504,3947.530,4005.324,4065.921,4129.354,4195.656,4264.864,4337.012,4412.137,4490.273,4571.457,4655.726,4743.115,4833.660,4927.397,5024.360,5124.583,5228.099,5334.941,5445.138,5558.718,5675.709,5796.134,5920.013,6047.365,6178.204,6312.540,6450.376,6591.713,6736.544,6884.855,7036.624,7191.822,7350.409,7512.335,7677.536,7845.939,8017.453,8191.973,8369.374,8549.514,8732.229,8917.329,9104.601,9293.802,9484.658,9676.862,9870.068,10063.890,10257.898,10451.615,10644.509,10835.993,11025.420,11212.076,11395.176,11573.862,11747.193,11914.146,12073.609,12224.375,12365.146,12494.523,12611.013,12713.029,12798.893,12866.845,12915.056,12941.643,12944.689,12922.271,12872.483,12793.468,12683.445,12540.724,12363.707,12150.870,11900.703,11611.630,11281.904,10909.510,10492.101,10027.010,9511.361,8942.310,8317.483,7635.705,6898.163,6110.082,5282.457,4431.831,3573.397,2705.980,1822.058,918.118,0.000,0.000,0.000,0.000,0.000,44.481,74.435,82.598,69.090,38.975,0.000
0.000,0.000,0.000,0.000,0.000,0.000,0.000,0.000,0.000,0.000,0.000,0.000,0.000,0.000,0.000,0.000,0.000,0.000,936.587,1858.087,2775.342,3701.807,4605.977,5461.261,6253.983,6979.187,7636.461,8227.527,8755.075,9222.235,9632.332,9988.779,10295.004,10554.418,10770.376,10946.151,11084.915,11189.720,11263.481,11308.970,11328.804,11325.444,11301.195,11258.202,11198.459,11123.811,11035.958,10936.466,10826.771,10708.185,10581.909,10449.037,10310.564,10167.393,10020.342,9870.153,9717.495,9562.972,9407.127,9250.451,9093.381,8936.311,8779.593,8623.540,8468.432,8314.516,8162.013,8011.118,7862.001,7714.812,7569.684,7426.730,7286.049,7147.727,7011.835,6878.436,6747.580,6619.310,6493.661,6370.660,6250.327,6132.678,6017.724,5905.470,5795.918,5689.067,5584.913,5483.448,5384.665,5288.551,5195.095,5104.283,5016.101,4930.532,4847.560,4767.170,4689.344,4614.065,4541.317,4471.081,4403.343,4338.084,4275.290,4214.946,4157.035,4101.543,4048.459,3997.767,3949.458,3903.518,3859.939,3818.709,3779.822,3743.269,3709.043,3677.140,3647.554,3620.283,3595.323,3572.672,3552.332,3534.302,3518.584,3505.182,3494.099,3485.341,3478.914,3474.825,3473.083,3473.697,3476.680,3482.042,3489.797,3499.959,3512.544,3527.569,3545.050,3565.008,3587.462,3612.432,3639.943,3670.016,3702.677,3737.951,3775.865,3816.447,3859.725,3905.730,3954.491,4006.041,4060.413,4117.640,4177.757,4240.798,4306.800,4375.799,4447.834,4522.941,4601.160,4682.528,4767.085,4854.871,4945.924,5040.283,5137.988,5239.077,5343.588,5451.559,5563.024,5678.019,5796.577,5918.730,6044.505,6173.930,6307.029,6443.821,6584.321,6728.543,6876.491,7028.166,7183.563,7342.668,7505.459,7671.906,7841.968,8015.592,8192.714,8373.254,8557.119,8744.197,8934.357,9127.448,9323.296,9521.700,9722.433,9925.237,10129.821,10335.855,10542.972,10750.759,10958.755,11166.448,11373.271,11578.591,11781.714,11981.872,12178.222,12369.838,12555.706,12734.725,12905.693,13067.309,13218.171,13356.769,13481.493,13590.627,13682.361,13754.794,13805.949,13833.788,13836.228,13811.163,13756.484,13670.100,13549.947,13393.992,13200.217,12966.589,12691.014,12371.285,12005.032,11589.716,11122.653,10601.126,10022.570,9384.881,8686.849,7928.720,7112.743,6243.261,5325.443,4361.786,3348.425,2279.875,1157.804,0.000,0.000,0.000,0.000,0.000,77.537,126.626,137.280,112.805,62.948,0.000
0.000,0.000,0.000,0.000,0.000,0.000,0.000,0.000,0.000,0.000,0.000,0.000,0.000,0.000,0.000,0.000,0.000,0.000,1235.284,2390.980,3465.564,4475.105,5421.304,6299.867,7107.208,7842.118,8505.399,9099.164,9626.299,10090.129,10494.216,10842.242,11137.929,11384.981,11587.044,11747.669,11870.286,11958.181,12014.483,12042.150,12043.962,12022.522,11980.251,11919.395,11842.029,11750.062,11645.248,11529.192,11403.357,11269.078,11127.570,10979.932,10827.161,10670.159,10509.739,10346.635,10181.505,10014.943,9847.479,9679.590,9511.701,9344.191,9177.397,9011.619,8847.124,8684.146,8522.892,8363.544,8206.261,8051.182,7898.427,7748.100,7600.289,7455.070,7312.507,7172.653,7035.550,6901.233,6769.730,6641.060,6515.240,6392.276,6272.175,6154.937,6040.558,5929.032,5820.351,5714.504,5611.477,5511.257,5413.826,5319.169,5227.266,5138.101,5051.653,4967.904,4886.835,4808.425,4732.657,4659.511,4588.968,4521.011,4455.623,4392.785,4332.482,4274.698,4219.418,4166.629,4116.318,4068.472,4023.081,3980.133,3939.619,3901.533,3865.865,3832.611,3801.765,3773.323,3747.283,3723.643,3702.403,3683.563,3667.125,3653.092,3641.468,3632.259,3625.472,3621.113,3619.192,3619.719,3622.706,3628.165,3636.110,3646.555,3659.518,3675.015,3693.066,3713.689,3736.906,3762.740,3791.213,3822.351,3856.178,3892.723,3932.012,3974.076,4018.945,4066.650,4117.224,4170.699,4227.112,4286.497,4348.891,4414.332,4482.858,4554.507,4629.320,4707.338,4788.601,4873.151,4961.031,5052.282,5146.948,5245.071,5346.694,5451.859,5560.608,5672.983,5789.024,5908.770,6032.261,6159.531,6290.617,6425.549,6564.359,6707.072,6853.711,7004.295,7158.837,7317.346,7479.825,7646.270,7816.667,7990.998,8169.230,8351.323,8537.224,8726.866,8920.168,9117.033,9317.345,9520.967,9727.741,9937.484,10149.986,10365.009,10582.279,10801.489,11022.291,11244.294,11467.060,11690.099,11912.866,12134.753,12355.088,12573.124,12788.039,12998.927,13204.792,13404.543,13596.989,13780.830,13954.660,14116.956,14266.077,14400.269,14517.661,14616.269,14694.009,14748.700,14778.081,14779.824,14751.551,14690.848,14595.276,14462.378,14289.678,14074.663,13814.777,13507.392,13149.806,12739.247,12272.914,11748.058,11162.088,10512.732,9798.185,9017.206,8168.977,7252.460,6264.940,5199.917,4046.084,2791.228,1433.228,0.000,0.000,0.000,0.000,0.000,139.040,217.251,227.093,181.903,100.014,0.000
0.000,0.000,0.000,0.000,0.000,0.000,0.000,0.000,0.000,0.000,0.000,0.000,0.000,0.000,0.000,0.000,0.000,0.000,1613.609,3005.050,4220.918,5311.858,6304.410,7209.863,8033.061,8776.903,9444.106,10037.711,10561.138,11018.103,11412.529,11748.444,12029.917,12260.992,12445.640,12587.715,12690.928,12758.816,12794.732,12801.826,12783.046,12741.133,12678.625,12597.861,12500.992,12389.984,12266.634,12132.577,11989.297,11838.142,11680.328,11516.954,11349.013,11177.394,11002.899,10826.246,10648.078,10468.971,10289.438,10109.935,9930.871,9752.607,9575.461,9399.716,9225.621,9053.396,8883.230,8715.291,8549.724,8386.654,8226.188,8068.417,7913.420,7761.260,7611.990,7465.654,7322.285,7181.910,7044.548,6910.212,6778.908,6650.640,6525.405,6403.199,6284.012,6167.833,6054.648,5944.443,5837.198,5732.897,5631.518,5533.043,5437.449,5344.714,5254.818,5167.737,5083.451,5001.938,4923.175,4847.144,4773.821,4703.189,4635.227,4569.918,4507.243,4447.185,4389.729,4334.859,4282.561,4232.823,4185.632,4140.976,4098.847,4059.235,4022.133,3987.533,3955.432,3925.823,3898.705,3874.076,3851.934,3832.281,3815.118,3800.449,3788.277,3778.609,3771.451,3766.810,3764.697,3765.123,3768.098,3773.636,3781.751,3792.460,3805.778,3821.725,3840.319,3861.582,3885.535,3912.203,3941.608,3973.777,4008.737,4046.517,4087.146,4130.655,4177.075,4226.439,4278.783,4334.142,4392.551,4454.049,4518.674,4586.466,4657.466,4731.715,4809.256,4890.132,4974.387,5062.066,5153.214,5247.877,5346.101,5447.932,5553.417,5662.603,5775.535,5892.260,6012.823,6137.269,6265.640,6397.980,6534.328,6674.723,6819.201,6967.797,7120.539,7277.454,7438.565,7603.889,7773.437,7947.215,8125.221,8307.446,8493.871,8684.467,8879.194,9077.999,9280.816,9487.564,9698.142,9912.432,10130.293,10351.563,10576.053,10803.545,11033.787,11266.498,11501.352,11737.986,11975.988,12214.895,12454.189,12693.293,12931.560,13168.273,13402.636,13633.767,13860.694,14082.345,14297.540,14504.991,14703.287,14890.893,15066.144,15227.240,15372.246,15499.092,15605.572,15689.352,15747.977,15778.884,15779.408,15746.801,15678.245,15570.862,15421.724,15227.862,14986.271,14693.915,14347.748,13944.728,13481.862,12956.247,12365.122,11705.888,10976.055,10173.031,9293.575,8332.726,7281.991,6126.896,4844.796,3405.744,1783.886,0.000,0.000,0.000,0.000,0.000,261.373,376.247,371.939,287.703,155.203,0.000
0.000,0.000,0.000,0.000,0.000,0.000,0.000,0.000,0.000,0.000,0.000,0.000,0.000,0.000,0.000,0.000,0.000,0.000,2214.147,3794.766,5101.301,6247.127,7274.766,8202.296,9038.475,9788.561,10456.675,11046.731,11562.759,12008.972,12389.734,12709.501,12972.747,13183.907,13347.314,13467.163,13547.465,13592.028,13604.437,13588.043,13545.961,13481.069,13396.015,13293.227,13174.918,13043.104,12899.613,12746.100,12584.060,12414.839,12239.650,12059.580,11875.605,11688.597,11499.336,11308.518,11116.764,10924.626,10732.591,10541.095,10350.521,10161.206,9973.450,9787.513,9603.623,9421.982,9242.760,9066.107,8892.152,8721.005,8552.756,8387.485,8225.255,8066.119,7910.117,7757.283,7607.640,7461.204,7317.987,7177.992,7041.218,6907.662,6777.313,6650.161,6526.190,6405.384,6287.724,6173.189,6061.757,5953.406,5848.111,5745.848,5646.593,5550.321,5457.006,5366.625,5279.151,5194.563,5112.835,5033.944,4957.868,4884.585,4814.075,4746.317,4681.291,4618.980,4559.366,4502.433,4448.166,4396.550,4347.572,4301.222,4257.487,4216.360,4177.830,4141.892,4108.539,4077.767,4049.572,4023.953,4000.909,3980.440,3962.549,3947.237,3934.510,3924.373,3916.833,3911.900,3909.581,3909.889,3912.836,3918.435,3926.701,3937.651,3951.303,3967.674,3986.786,4008.661,4033.321,4060.791,4091.096,4124.264,4160.321,4199.300,4241.230,4286.143,4334.074,4385.056,4439.126,4496.321,4556.680,4620.243,4687.049,4757.142,4830.565,4907.360,4987.575,5071.254,5158.445,5249.195,5343.554,5441.570,5543.293,5648.773,5758.061,5871.207,5988.263,6109.279,6234.305,6363.391,6496.587,6633.939,6775.495,6921.301,7071.398,7225.829,7384.630,7547.838,7715.482,7887.590,8064.183,8245.278,8430.884,8621.003,8815.629,9014.748,9218.333,9426.347,9638.741,9855.449,10076.390,10301.466,10530.557,10763.521,11000.193,11240.379,11483.856,11730.366,11979.614,12231.266,12484.942,12740.210,12996.586,13253.526,13510.418,13766.578,14021.244,14273.567,14522.602,14767.303,15006.514,15238.958,15463.229,15677.784,15880.937,16070.847,16245.514,16402.777,16540.305,16655.603,16746.014,16808.723,16840.768,16839.053,16800.368,16721.404,16598.777,16429.052,16208.769,15934.473,15602.745,15210.241,14753.725,14230.099,13636.402,12969.762,12227.223,11405.380,10499.646,9502.943,8403.458,7180.924,5800.490,4203.086,2296.579,0.000,0.000,0.000,0.000,0.000,530.207,654.426,596.714,441.766,233.096,0.000
0.000,0.000,0.000,0.000,0.000,0.000,0.000,0.000,0.000,0.000,0.000,0.000,0.000,0.000,0.000,579.930,1201.504,2007.577,3448.272,4858.650,6142.501,7300.718,8345.396,9286.268,10130.200,10882.440,11547.578,12130.084,12634.531,13065.657,13428.334,13727.507,13968.126,14155.066,14293.075,14386.715,14440.331,14458.017,14443.601,14400.638,14332.409,14241.923,14131.931,14004.935,13863.204,13708.787,13543.532,13369.101,13186.985,12998.519,12804.897,12607.185,12406.333,12203.185,11998.491,11792.918,11587.055,11381.422,11176.480,10972.633,10770.236,10569.600,10370.997,10174.663,9980.804,9789.597,9601.193,9415.720,9233.290,9053.994,8877.907,8705.091,8535.596,8369.462,8206.715,8047.378,7891.461,7738.973,7589.912,7444.275,7302.052,7163.231,7027.795,6895.726,6767.002,6641.602,6519.499,6400.669,6285.084,6172.718,6063.541,5957.527,5854.646,5754.870,5658.171,5564.521,5473.894,5386.261,5301.598,5219.878,5141.076,5065.171,4992.137,4921.954,4854.601,4790.059,4728.307,4669.330,4613.110,4559.633,4508.884,4460.851,4415.523,4372.889,4332.941,4295.670,4261.071,4229.139,4199.870,4173.263,4149.314,4128.027,4109.401,4093.441,4080.151,4069.537,4061.605,4056.365,4053.827,4054.002,4056.903,4062.544,4070.940,4082.109,4096.069,4112.840,4132.443,4154.901,4180.238,4208.478,4239.650,4273.780,4310.899,4351.038,4394.228,4440.505,4489.902,4542.457,4598.207,4657.192,4719.452,4785.028,4853.964,4926.304,5002.094,5081.381,5164.211,5250.635,5340.703,5434.464,5531.971,5633.278,5738.436,5847.501,5960.527,6077.570,6198.684,6323.926,6453.350,6587.013,6724.968,6867.270,7013.973,7165.129,7320.787,7480.998,7645.806,7815.257,7989.390,8168.242,8351.845,8540.227,8733.411,8931.410,9134.232,9341.878,9554.338,9771.590,9993.603,10220.330,10451.712,10687.670,10928.108,11172.909,11421.933,11675.014,11931.957,12192.537,12456.489,12723.515,12993.269,13265.357,13539.335,13814.696,14090.869,14367.213,14643.005,14917.435,15189.598,15458.481,15722.957,15981.772,16233.533,16476.699,16709.567,16930.263,17136.727,17326.708,17497.753,17647.203,17772.189,17869.636,17936.271,17968.636,17963.107,17915.923,17823.220,17681.070,17485.530,17232.690,16918.727,16539.957,16092.873,15574.178,14980.768,14309.660,13557.806,12721.716,11796.770,10776.014,9648.032,8392.897,6973.192,5309.553,3199.352,0.000,1112.577,1307.651,1262.450,1183.201,1205.030,1114.538,918.726,649.551,335.415,0.000
0.000,0.000,0.000,0.000,0.000,0.000,0.000,0.000,0.000,0.000,0.000,0.000,0.000,0.000,0.000,1118.231,2218.537,3380.578,4712.782,6049.155,7309.456,8467.994,9520.006,10467.377,11313.846,12063.676,12721.399,13291.811,13779.972,14191.170,14530.847,14804.513,15017.658,15175.667,15283.746,15346.870,15369.741,15356.755,15311.993,15239.215,15141.861,15023.066,14885.667,14732.230,14565.060,14386.226,14197.578,14000.771,13797.276,13588.403,13375.315,13159.043,12940.500,12720.492,12499.730,12278.841,12058.377,11838.819,11620.593,11404.067,11189.563,10977.361,10767.701,10560.792,10356.811,10155.911,9958.218,9763.841,9572.866,9385.368,9201.401,9021.013,8844.236,8671.094,8501.602,8335.767,8173.590,8015.065,7860.184,7708.930,7561.287,7417.233,7276.744,7139.794,7006.355,6876.398,6749.892,6626.806,6507.108,6390.767,6277.748,6168.021,6061.553,5958.311,5858.265,5761.384,5667.636,5576.994,5489.428,5404.910,5323.414,5244.915,5169.386,5096.805,5027.149,4960.398,4896.531,4835.529,4777.376,4722.054,4669.549,4619.848,4572.938,4528.809,4487.450,4448.855,4413.016,4379.927,4349.586,4321.990,4297.137,4275.027,4255.664,4239.049,4225.188,4214.086,4205.751,4200.192,4197.419,4197.445,4200.282,4205.944,4214.449,4225.815,4240.059,4257.203,4277.268,4300.279,4326.260,4355.238,4387.241,4422.298,4460.439,4501.697,4546.107,4593.704,4644.523,4698.604,4755.986,4816.710,4880.818,4948.355,5019.366,5093.898,5171.997,5253.715,5339.101,5428.208,5521.088,5617.795,5718.386,5822.916,5931.443,6044.024,6160.719,6281.587,6406.690,6536.086,6669.838,6808.006,6950.651,7097.833,7249.614,7406.052,7567.205,7733.132,7903.885,8079.520,8260.085,8445.629,8636.195,8831.823,9032.548,9238.398,9449.397,9665.558,9886.891,10113.391,10345.046,10581.831,10823.707,11070.620,11322.498,11579.252,11840.769,12106.915,12377.527,12652.412,12931.345,13214.062,13500.261,13789.590,14081.647,14375.972,14672.043,14969.265,15266.965,15564.382,15860.656,16154.820,16445.788,16732.337,17013.102,17286.553,17550.983,17804.495,18044.980,18270.106,18477.300,18663.742,18826.350,18961.783,19066.442,19136.485,19167.848,19156.285,19097.409,18986.756,18819.847,18592.266,18299.735,17938.183,17503.812,16993.134,16402.975,15730.434,14972.741,14127.010,13189.792,12156.387,11019.824,9769.492,8389.866,6862.611,5191.286,3553.429,3142.666,2855.582,2558.953,2265.329,1992.178,1679.972,1314.106,902.298,459.015,0.000
0.000,0.000,0.000,0.000,0.000,0.000,0.000,0.000,0.000,0.000,0.000,0.000,0.000,0.000,0.000,1674.479,3173.874,4583.474,5973.204,7315.837,8578.301,9741.951,10799.436,11749.597,12594.369,13337.285,13982.827,14536.116,15002.736,15388.595,15699.794,15942.497,16122.819,16246.723,16319.932,16347.876,16335.638,16287.935,16209.104,16103.105,15973.530,15823.620,15656.288,15474.137,15279.494,15074.427,14860.769,14640.147,14413.997,14183.587,13950.035,13714.324,13477.315,13239.767,13002.342,12765.617,12530.098,12296.223,12064.372,11834.874,11608.012,11384.029,11163.131,10945.495,10731.267,10520.572,10313.509,10110.161,9910.594,9714.858,9522.991,9335.018,9150.956,8970.813,8794.587,8622.274,8453.860,8289.329,8128.659,7971.825,7818.800,7669.553,7524.052,7382.264,7244.153,7109.684,6978.820,6851.524,6727.758,6607.485,6490.669,6377.272,6267.259,6160.594,6057.241,5957.167,5860.339,5766.723,5676.291,5589.010,5504.852,5423.788,5345.794,5270.843,5198.912,5129.976,5064.017,5001.012,4940.945,4883.796,4829.552,4778.197,4729.718,4684.104,4641.345,4601.432,4564.358,4530.118,4498.707,4470.123,4444.364,4421.430,4401.323,4384.048,4369.607,4358.008,4349.258,4343.366,4340.344,4340.203,4342.957,4348.621,4357.213,4368.750,4383.252,4400.741,4421.240,4444.772,4471.366,4501.046,4533.844,4569.788,4608.911,4651.248,4696.834,4745.705,4797.899,4853.457,4912.420,4974.831,5040.734,5110.176,5183.204,5259.867,5340.216,5424.303,5512.181,5603.905,5699.531,5799.116,5902.720,6010.403,6122.225,6238.249,6358.538,6483.158,6612.172,6745.647,6883.649,7026.245,7173.502,7325.487,7482.269,7643.913,7810.486,7982.054,8158.681,8340.429,8527.360,8719.532,8917.001,9119.820,9328.035,9541.693,9760.830,9985.478,10215.663,10451.402,10692.701,10939.559,11191.959,11449.873,11713.257,11982.050,12256.171,12535.518,12819.964,13109.354,13403.503,13702.191,14005.157,14312.101,14622.668,14936.453,15252.988,15571.733,15892.074,16213.307,16534.631,16855.135,17173.785,17489.408,17800.675,18106.087,18403.950,18692.357,18969.167,19231.980,19478.117,19704.604,19908.149,20085.139,20231.637,20343.393,20415.872,20444.290,20423.685,20348.982,20215.098,20017.033,19749.982,19409.429,18991.242,18491.735,17907.715,17236.491,16475.834,15623.897,14679.093,13639.995,12505.449,11275.437,9954.210,8559.773,7149.776,5879.783,5049.090,4413.068,3852.462,3326.992,2818.386,2299.073,1755.431,1186.521,598.349,0.000
0.000,0.000,0.000,0.000,0.000,0.000,0.000,0.000,0.000,0.000,0.000,0.000,0.000,0.000,0.000,2405.841,4219.053,5806.305,7280.814,8662.801,9946.095,11122.235,12186.378,13137.423,13976.990,14708.543,15336.814,15867.426,16306.629,16661.083,16937.672,17143.333,17284.906,17369.013,17401.962,17389.676,17337.650,17250.929,17134.107,16991.333,16826.332,16642.434,16442.597,16229.446,16005.299,15772.198,15531.940,15286.102,15036.064,14783.035,14528.071,14272.090,14015.893,13760.176,13505.540,13252.506,13001.525,12752.982,12507.208,12264.485,12025.051,11789.109,11556.826,11328.342,11103.772,10883.205,10666.716,10454.358,10246.172,10042.185,9842.413,9646.862,9455.530,9268.407,9085.477,8906.717,8732.104,8561.606,8395.190,8232.821,8074.461,7920.071,7769.609,7623.033,7480.302,7341.373,7206.201,7074.745,6946.961,6822.808,6702.242,6585.224,6471.712,6361.668,6255.053,6151.829,6051.960,5955.412,5862.151,5772.143,5685.357,5601.764,5521.336,5444.045,5369.865,5298.773,5230.745,5165.761,5103.800,5044.844,4988.877,4935.883,4885.850,4838.763,4794.613,4753.391,4715.089,4679.701,4647.223,4617.651,4590.985,4567.224,4546.370,4528.426,4513.398,4501.291,4492.114,4485.876,4482.588,4482.262,4484.914,4490.559,4499.214,4510.898,4525.632,4543.437,4564.338,4588.361,4615.531,4645.879,4679.433,4716.225,4756.289,4799.661,4846.376,4896.474,4949.994,5006.978,5067.469,5131.512,5199.154,5270.442,5345.428,5424.161,5506.695,5593.085,5683.388,5777.659,5875.960,5978.352,6084.895,6195.655,6310.696,6430.085,6553.890,6682.179,6815.023,6952.494,7094.662,7241.602,7393.386,7550.090,7711.787,7878.552,8050.461,8227.587,8410.004,8597.785,8791.003,8989.727,9194.026,9403.965,9619.606,9841.010,10068.231,10301.318,10540.316,10785.261,11036.184,11293.104,11556.032,11824.966,12099.892,12380.779,12667.580,12960.229,13258.636,13562.690,13872.248,14187.136,14507.145,14832.026,15161.483,15495.168,15832.674,16173.529,16517.183,16863.003,17210.258,17558.107,17905.582,18251.576,18594.817,18933.853,19267.024,19592.438,19907.942,20211.090,20499.118,20768.910,21016.976,21239.432,21431.991,21589.972,21708.319,21781.660,21804.370,21770.681,21674.797,21511.033,21273.955,20958.515,20560.176,20075.015,19499.811,18832.116,18070.326,17213.756,16262.780,15219.133,14086.608,12872.654,11591.814,10272.531,8968.292,7766.858,6760.863,5895.155,5110.845,4371.802,3655.309,2942.510,2222.029,1490.008,747.861,0.000
0.000,0.000,0.000,0.000,0.000,0.000,0.000,0.000,0.000,0.000,0.000,0.000,0.000,887.818,1964.281,3729.866,5490.250,7141.955,8681.042,10108.578,11421.188,12614.683,13686.614,14636.951,15467.876,16183.365,16788.772,17290.490,17695.648,18011.848,18246.926,18408.739,18504.977,18543.018,18529.821,18471.848,18375.025,18244.733,18085.808,17902.570,17698.854,17478.045,17243.119,16996.687,16741.030,16478.138,16209.740,15937.340,15662.243,15385.576,15108.315,14831.299,14555.253,14280.798,14008.464,13738.706,13471.909,13208.399,12948.451,12692.294,12440.117,12192.077,11948.298,11708.881,11473.903,11243.420,11017.475,10796.093,10579.286,10367.057,10159.399,9956.296,9757.726,9563.661,9374.068,9188.910,9008.146,8831.734,8659.628,8491.781,8328.144,8168.668,8013.303,7861.999,7714.706,7571.374,7431.953,7296.393,7164.648,7036.667,6912.406,6791.818,6674.859,6561.485,6451.656,6345.328,6242.464,6143.025,6046.976,5954.280,5864.904,5778.817,5695.988,5616.388,5539.990,5466.768,5396.698,5329.758,5265.926,5205.183,5147.512,5092.896,5041.321,4992.774,4947.244,4904.721,4865.198,4828.667,4795.124,4764.566,4736.991,4712.400,4690.793,4672.175,4656.551,4643.926,4634.309,4627.710,4624.140,4623.612,4626.142,4631.745,4640.439,4652.244,4667.182,4685.274,4706.546,4731.024,4758.737,4789.713,4823.984,4861.584,4902.545,4946.906,4994.705,5045.980,5100.775,5159.131,5221.096,5286.714,5356.035,5429.109,5505.988,5586.727,5671.379,5760.004,5852.660,5949.407,6050.309,6155.430,6264.835,6378.593,6496.771,6619.441,6746.676,6878.549,7015.136,7156.513,7302.758,7453.951,7610.170,7771.499,7938.018,8109.811,8286.961,8469.552,8657.666,8851.389,9050.802,9255.988,9467.029,9684.003,9906.988,10136.061,10371.292,10612.750,10860.499,11114.598,11375.098,11642.046,11915.478,12195.421,12481.892,12774.893,13074.413,13380.425,13692.880,14011.710,14336.821,14668.090,15005.363,15348.448,15697.112,16051.073,16409.994,16773.475,17141.047,17512.155,17886.152,18262.280,18639.658,19017.260,19393.896,19768.184,20138.525,20503.069,20859.679,21205.897,21538.899,21855.456,22151.898,22424.077,22667.352,22876.581,23046.146,23170.003,23241.774,23254.869,23202.647,23078.595,22876.516,22590.706,22216.121,21748.510,21184.550,20521.974,19759.720,18898.128,17939.234,16887.232,15749.268,14536.817,13267.912,11970.288,10684.035,9458.523,8332.373,7295.860,6323.977,5394.072,4488.548,3593.634,2700.172,1803.624,903.087,0.000
0.000,0.000,0.000,0.000,0.000,0.000,0.000,0.000,0.000,0.000,0.000,0.000,0.000,1587.006,3239.465,5059.137,6870.189,8590.303,10192.924,11669.404,13015.545,14228.868,15308.645,16256.118,17074.456,17768.554,18344.739,18810.466,19174.011,19444.155,19629.904,19740.214,19783.775,19768.832,19703.065,19593.516,19446.558,19267.895,19062.587,18835.093,18589.316,18328.657,18056.073,17774.118,17485.001,17190.624,16892.621,16592.395,16291.147,15989.904,15689.542,15390.804,15094.324,14800.633,14510.183,14223.348,13940.442,13661.724,13387.405,13117.656,12852.611,12592.377,12337.032,12086.634,11841.219,11600.809,11365.410,11135.016,10909.612,10689.174,10473.669,10263.060,10057.304,9856.352,9660.156,9468.661,9281.812,9099.551,8921.821,8748.563,8579.716,8415.223,8255.023,8099.058,7947.269,7799.600,7655.993,7516.393,7380.746,7248.999,7121.101,6997.000,6876.648,6759.998,6647.005,6537.623,6431.811,6329.527,6230.733,6135.391,6043.465,5954.921,5869.727,5787.852,5709.267,5633.945,5561.860,5492.988,5427.308,5364.800,5305.443,5249.223,5196.122,5146.128,5099.228,5055.414,5014.676,4977.007,4942.403,4910.859,4882.375,4856.951,4834.587,4815.288,4799.057,4785.904,4775.834,4768.859,4764.991,4764.242,4766.628,4772.167,4780.875,4792.775,4807.887,4826.235,4847.846,4872.745,4900.963,4932.529,4967.477,5005.840,5047.654,5092.958,5141.790,5194.192,5250.208,5309.882,5373.263,5440.397,5511.336,5586.131,5664.839,5747.514,5834.216,5925.003,6019.938,6119.085,6222.510,6330.280,6442.465,6559.135,6680.364,6806.228,6936.803,7072.169,7212.404,7357.592,7507.817,7663.164,7823.719,7989.572,8160.812,8337.530,8519.817,8707.768,8901.476,9101.035,9306.539,9518.084,9735.764,9959.674,10189.905,10426.550,10669.700,10919.440,11175.857,11439.031,11709.039,11985.951,12269.834,12560.743,12858.728,13163.827,13476.066,13795.459,14122.002,14455.674,14796.431,15144.206,15498.904,15860.397,16228.518,16603.060,16983.763,17370.312,17762.323,18159.335,18560.797,18966.054,19374.327,19784.697,20196.076,20607.184,21016.511,21422.287,21822.432,22214.511,22595.684,22962.647,23311.579,23638.093,23937.194,24203.262,24430.058,24610.784,24738.178,24804.673,24802.601,24724.435,24563.035,24311.882,23965.279,23518.523,22968.058,22311.647,21548.573,20679.911,19708.892,18641.374,17486.490,16257.494,14972.783,13656.717,12339.075,11050.854,9814.270,8631.958,7495.148,6391.976,5311.189,4243.314,3181.408,2121.232,1060.867,0.000
0.000,0.000,0.000,0.000,0.000,0.000,0.000,0.000,0.000,0.000,0.000,0.000,0.000,2220.759,4347.472,6397.075,8341.133,10156.231,11831.053,13360.700,14742.871,15976.775,17063.186,18004.649,18805.538,19471.948,20011.487,20432.985,20746.166,20961.287,21088.785,21138.943,21121.621,21046.052,20920.713,20753.257,20550.501,20318.447,20062.340,19786.727,19495.527,19192.107,18879.347,18559.702,18235.265,17907.809,17578.837,17249.623,16921.237,16594.580,16270.409,15949.356,15631.943,15318.605,15009.696,14705.507,14406.269,14112.165,13823.337,13539.892,13261.907,12989.431,12722.494,12461.107,12205.264,11954.948,11710.127,11470.765,11236.816,11008.226,10784.938,10566.890,10354.019,10146.256,9943.532,9745.778,9552.921,9364.892,9181.617,9003.026,8829.049,8659.616,8494.657,8334.106,8177.895,8025.961,7878.239,7734.669,7595.188,7459.740,7328.267,7200.715,7077.030,6957.161,6841.059,6728.675,6619.966,6514.885,6413.393,6315.449,6221.014,6130.053,6042.531,5958.416,5877.677,5800.286,5726.215,5655.439,5587.936,5523.683,5462.662,5404.854,5350.243,5298.815,5250.558,5205.462,5163.516,5124.715,5089.052,5056.525,5027.131,5000.870,4977.743,4957.755,4940.911,4927.217,4916.682,4909.316,4905.131,4904.142,4906.364,4911.814,4920.511,4932.477,4947.734,4966.307,4988.222,5013.507,5042.191,5074.308,5109.890,5148.972,5191.592,5237.789,5287.605,5341.081,5398.263,5459.198,5523.934,5592.523,5665.015,5741.467,5821.934,5906.476,5995.153,6088.028,6185.165,6286.632,6392.498,6502.832,6617.709,6737.204,6861.394,6990.358,7124.178,7262.937,7406.722,7555.620,7709.721,7869.117,8033.900,8204.168,8380.017,8561.548,8748.859,8942.056,9141.241,9346.520,9557.999,9775.785,9999.988,10230.716,10468.077,10712.181,10963.136,11221.049,11486.028,11758.174,12037.591,12324.377,12618.625,12920.424,13229.856,13546.998,13871.915,14204.664,14545.287,14893.812,15250.252,15614.598,15986.818,16366.852,16754.609,17149.958,17552.729,17962.695,18379.572,18803.005,19232.556,19667.685,20107.741,20551.931,20999.301,21448.702,21898.755,22347.809,22793.889,23234.637,23667.250,24088.405,24494.184,24879.996,25240.513,25569.625,25860.424,26105.252,26295.807,26423.342,26478.923,26453.760,26339.536,26128.714,25814.777,25392.412,24857.666,24208.121,23443.134,22564.160,21575.143,20482.967,19297.896,18033.948,16709.065,15344.767,13964.735,12591.580,11241.924,9922.576,8632.698,7367.511,6120.929,4887.034,3660.918,2439.035,1219.148,0.000
0.000,0.000,0.000,0.000,0.000,0.000,0.000,0.000,0.000,0.000,0.000,0.000,0.000,2948.580,5532.623,7840.613,9941.108,11862.525,13614.467,15199.605,16618.618,17872.354,18962.880,19893.990,20671.361,21302.509,21796.604,22164.183,22416.778,22566.479,22625.480,22605.665,22518.266,22373.637,22181.116,21948.978,21684.461,21393.816,21082.407,20754.796,20414.851,20065.832,19710.482,19351.099,18989.607,18627.610,18266.441,17907.206,17550.819,17198.033,16849.462,16505.606,16166.866,15833.561,15505.943,15184.204,14868.484,14558.887,14255.478,13958.295,13667.351,13382.636,13104.128,12831.789,12565.566,12305.401,12051.228,11802.972,11560.556,11323.898,11092.915,10867.520,10647.625,10433.143,10223.986,10020.066,9821.296,9627.590,9438.863,9255.031,9076.012,8901.726,8732.095,8567.041,8406.491,8250.372,8098.613,7951.146,7807.906,7668.827,7533.848,7402.910,7275.955,7152.928,7033.776,6918.448,6806.894,6699.069,6594.928,6494.428,6397.529,6304.192,6214.382,6128.064,6045.206,5965.778,5889.750,5817.098,5747.797,5681.823,5619.158,5559.781,5503.677,5450.830,5401.228,5354.859,5311.714,5271.786,5235.068,5201.558,5171.252,5144.152,5120.258,5099.575,5082.106,5067.861,5056.846,5049.073,5044.554,5043.305,5045.340,5050.677,5059.337,5071.341,5086.713,5105.477,5127.661,5153.294,5182.407,5215.032,5251.204,5290.960,5334.338,5381.379,5432.124,5486.620,5544.911,5607.047,5673.078,5743.055,5817.035,5895.074,5977.230,6063.565,6154.142,6249.026,6348.284,6451.988,6560.208,6673.019,6790.498,6912.724,7039.778,7171.744,7308.708,7450.759,7597.988,7750.487,7908.353,8071.685,8240.582,8415.147,8595.486,8781.707,8973.919,9172.236,9376.770,9587.640,9804.963,10028.860,10259.453,10496.866,10741.224,10992.653,11251.280,11517.235,11790.643,12071.635,12360.336,12656.872,12961.369,13273.946,13594.723,13923.812,14261.321,14607.352,14961.995,15325.333,15697.433,16078.350,16468.120,16866.754,17274.242,17690.539,18115.567,18549.201,18991.267,19441.527,19899.668,20365.290,20837.884,21316.814,21801.288,22290.326,22782.722,23276.994,23771.329,24263.515,24750.858,25230.090,25697.271,26147.675,26575.688,26974.718,27337.148,27654.348,27916.787,28114.265,28236.265,28272.396,28212.863,28048.867,27772.889,27378.850,26862.222,26220.169,25451.803,24558.556,23544.646,22417.536,21188.250,19871.402,18484.814,17048.598,15583.556,14108.842,12639.299,11183.749,9745.578,8324.455,6917.994,5522.985,4136.201,2754.846,1376.691,0.000
0.000,0.000,0.000,0.000,0.000,0.000,0.000,0.000,0.000,0.000,0.000,0.000,0.000,4040.961,6993.869,9491.704,11720.233,13738.386,15564.796,17204.766,18659.800,19931.321,21022.196,21937.303,22683.672,23270.420,23708.566,24010.729,24190.686,24262.811,24241.474,24140.491,23972.705,23749.721,23481.783,23177.774,22845.285,22490.733,22119.500,21736.071,21344.163,20946.847,20546.652,20145.652,19745.545,19347.715,18953.283,18563.156,18178.059,17798.569,17425.139,17058.118,16697.769,16344.287,15997.805,15658.409,15326.144,15001.023,14683.031,14372.131,14068.268,13771.373,13481.365,13198.154,12921.643,12651.727,12388.303,12131.260,11880.488,11635.874,11397.308,11164.678,10937.874,10716.786,10501.307,10291.332,10086.758,9887.482,9693.407,9504.436,9320.476,9141.436,8967.227,8797.764,8632.964,8472.747,8317.036,8165.755,8018.833,7876.199,7737.788,7603.535,7473.378,7347.258,7225.119,7106.904,6992.564,6882.049,6775.310,6672.303,6572.986,6477.318,6385.261,6296.779,6211.838,6130.407,6052.455,5977.955,5906.883,5839.213,5774.925,5714.000,5656.419,5602.168,5551.233,5503.602,5459.266,5418.216,5380.447,5345.955,5314.738,5286.795,5262.129,5240.742,5222.640,5207.830,5196.322,5188.126,5183.255,5181.724,5183.550,5188.750,5197.346,5209.358,5224.813,5243.734,5266.152,5292.095,5321.594,5354.685,5391.403,5431.785,5475.871,5523.703,5575.325,5630.783,5690.124,5753.399,5820.660,5891.962,5967.360,6046.914,6130.685,6218.736,6311.134,6407.945,6509.241,6615.094,6725.579,6840.774,6960.761,7085.620,7215.437,7350.302,7490.305,7635.538,7786.098,7942.085,8103.599,8270.746,8443.633,8622.370,8807.071,8997.851,9194.830,9398.129,9607.875,9824.194,10047.217,10277.077,10513.912,10757.860,11009.063,11267.664,11533.811,11807.651,12089.336,12379.017,12676.848,12982.983,13297.577,13620.786,13952.763,14293.662,14643.632,15002.822,15371.373,15749.421,16137.097,16534.517,16941.789,17359.003,17786.231,18223.522,18670.897,19128.340,19595.797,20073.159,20560.256,21056.842,21562.576,22077.002,22599.523,23129.369,23665.551,24206.818,24751.586,25297.868,25843.170,26384.386,26917.659,27438.234,27940.299,28416.834,28859.492,29258.563,29603.055,29880.966,30079.749,30186.945,30190.876,30081.203,29849.244,29488.042,28992.347,28358.660,27585.469,26673.719,25627.441,24454.362,23166.237,21778.658,20310.246,18781.302,17212.090,15620.967,14022.710,12427.565,10841.430,9266.753,7703.621,6150.721,4606.063,3067.459,1532.774,0.000
0.000,0.000,0.000,0.000,0.000,0.000,0.000,0.000,0.000,0.000,969.419,2057.635,3535.261,6221.424,8910.230,11412.159,13709.809,15806.083,17701.674,19394.995,20884.648,22171.114,23257.484,24149.585,24855.866,25387.227,25756.841,25979.847,26072.829,26053.048,25937.597,25742.648,25482.915,25171.375,24819.184,24435.756,24028.923,23605.129,23169.636,22726.716,22279.819,21831.724,21384.654,20940.385,20500.324,20065.582,19637.026,19215.323,18800.982,18394.378,17995.781,17605.371,17223.262,16849.507,16484.114,16127.054,15778.268,15437.675,15105.172,14780.646,14463.970,14155.009,13853.624,13559.672,13273.005,12993.477,12720.941,12455.252,12196.263,11943.834,11697.824,11458.096,11224.517,10996.956,10775.286,10559.383,10349.128,10144.404,9945.099,9751.104,9562.315,9378.628,9199.946,9026.175,8857.224,8693.004,8533.431,8378.424,8227.905,8081.799,7940.034,7802.541,7669.254,7540.111,7415.049,7294.013,7176.946,7063.797,6954.515,6849.053,6747.367,6649.414,6555.153,6464.547,6377.562,6294.163,6214.319,6138.003,6065.186,5995.845,5929.958,5867.504,5808.465,5752.826,5700.571,5651.689,5606.169,5564.005,5525.188,5489.716,5457.586,5428.798,5403.353,5381.255,5362.510,5347.125,5335.108,5326.472,5321.230,5319.397,5320.989,5326.027,5334.530,5346.521,5362.025,5381.070,5403.683,5429.897,5459.742,5493.254,5530.471,5571.430,5616.173,5664.743,5717.185,5773.546,5833.876,5898.227,5966.653,6039.209,6115.954,6196.950,6282.260,6371.948,6466.084,6564.738,6667.983,6775.895,6888.552,7006.036,7128.429,7255.819,7388.296,7525.951,7668.880,7817.181,7970.955,8130.308,8295.346,8466.181,8642.927,8825.702,9014.626,9209.824,9411.425,9619.561,9834.366,10055.979,10284.545,10520.209,10763.121,11013.437,11271.315,11536.915,11810.405,12091.954,12381.734,12679.923,12986.701,13302.251,13626.759,13960.414,14303.409,14655.935,15018.188,15390.362,15772.652,16165.251,16568.349,16982.133,17406.783,17842.470,18289.354,18747.583,19217.283,19698.556,20191.475,20696.074,21212.338,21740.191,22279.482,22829.964,23391.267,23962.868,24544.052,25133.858,25731.012,26333.842,26940.174,27547.192,28151.275,28747.798,29330.901,29893.251,30425.815,30917.714,31356.231,31727.094,32015.087,32205.002,32282.711,32236.024,32055.017,31731.883,31260.605,30636.780,29857.805,28923.509,27837.126,26606.313,25243.745,23766.805,22196.263,20554.319,18862.572,17140.262,15403.036,13662.397,11925.845,10197.522,8479.029,6770.224,5069.878,3376.159,1686.946,0.000
0.000,0.000,0.000,0.000,0.000,0.000,0.000,0.000,0.000,0.000,1820.047,3725.871,5862.005,8399.276,11013.513,13536.952,15900.836,18074.555,20040.933,21789.023,23312.833,24611.177,25687.240,26547.918,27203.238,27666.074,27952.049,28079.355,28068.139,27939.402,27713.709,27410.121,27045.513,26634.305,26188.493,25717.864,25230.291,24732.039,24228.062,23722.247,23217.634,22716.581,22220.908,21732.008,21250.930,20778.456,20315.151,19861.410,19417.493,18983.549,18559.644,18145.777,17741.893,17347.898,16963.663,16589.037,16223.852,15867.924,15521.064,15183.074,14853.753,14532.901,14220.317,13915.803,13619.160,13330.198,13048.728,12774.567,12507.534,12247.458,11994.170,11747.506,11507.309,11273.428,11045.714,10824.028,10608.232,10398.196,10193.793,9994.901,9801.404,9613.189,9430.149,9252.180,9079.183,8911.062,8747.726,8589.088,8435.063,8285.571,8140.535,7999.882,7863.542,7731.448,7603.535,7479.742,7360.012,7244.289,7132.521,7024.659,6920.654,6820.463,6724.044,6631.358,6542.367,6457.037,6375.336,6297.233,6222.702,6151.717,6084.254,6020.292,5959.814,5902.801,5849.240,5799.118,5752.425,5709.151,5669.291,5632.841,5599.797,5570.160,5543.932,5521.115,5501.716,5485.742,5473.203,5464.110,5458.477,5456.320,5457.655,5462.503,5470.885,5482.823,5498.345,5517.476,5540.248,5566.690,5596.838,5630.727,5668.395,5709.881,5755.228,5804.480,5857.684,5914.889,5976.145,6041.506,6111.027,6184.767,6262.786,6345.147,6431.916,6523.159,6618.949,6719.358,6824.461,6934.338,7049.070,7168.741,7293.439,7423.254,7558.279,7698.611,7844.350,7995.598,8152.463,8315.054,8483.485,8657.873,8838.339,9025.009,9218.010,9417.476,9623.545,9836.357,10056.058,10282.800,10516.736,10758.027,11006.838,11263.338,11527.701,11800.108,12080.744,12369.800,12667.470,12973.958,13289.470,13614.218,13948.421,14292.301,14646.088,15010.017,15384.325,15769.256,16165.058,16571.983,16990.284,17420.216,17862.037,18316.001,18782.362,19261.365,19753.251,20258.244,20776.554,21308.366,21853.834,22413.068,22986.127,23572.994,24173.561,24787.595,25414.704,26054.283,26705.453,27366.969,28037.107,28713.510,29392.991,30071.282,30742.719,31399.881,32033.195,32630.603,33177.387,33656.385,34048.769,34335.501,34499.153,34525.354,34403.088,34124.018,33681.544,33070.170,32285.568,31325.480,30191.322,28890.094,27435.690,25848.613,24153.730,22377.184,20543.656,18674.503,16786.805,14893.164,13002.051,11118.478,9244.762,7381.277,5527.073,3680.359,1838.851,0.000
0.000,0.000,0.000,0.000,0.000,0.000,0.000,0.000,0.000,0.000,2584.907,5163.812,7787.636,10500.197,13207.639,15821.361,18282.100,20550.455,22598.586,24407.452,25966.631,27273.688,28332.576,29151.830,29743.349,30122.066,30306.247,30317.744,30181.375,29923.156,29568.207,29139.151,28655.295,28132.471,27583.301,27017.649,26443.118,25865.508,25289.206,24717.509,24152.868,23597.087,23051.468,22516.933,21994.105,21483.380,20984.979,20498.987,20025.387,19564.081,19114.915,18677.687,18252.168,17838.101,17435.216,17043.234,16661.870,16290.839,15929.856,15578.638,15236.911,14904.405,14580.856,14266.009,13959.617,13661.441,13371.253,13088.829,12813.957,12546.432,12286.056,12032.641,11786.007,11545.978,11312.389,11085.081,10863.901,10648.702,10439.345,10235.695,10037.624,9845.010,9657.735,9475.687,9298.758,9126.845,8959.852,8797.682,8640.248,8487.462,8339.244,8195.516,8056.203,7921.234,7790.543,7664.064,7541.737,7423.503,7309.309,7199.102,7092.832,6990.454,6891.924,6797.200,6706.246,6619.023,6535.499,6455.644,6379.428,6306.825,6237.810,6172.363,6110.464,6052.096,5997.243,5945.892,5898.033,5853.658,5812.759,5775.331,5741.373,5710.884,5683.867,5660.323,5640.260,5623.685,5610.608,5601.040,5594.997,5592.493,5593.547,5598.177,5606.408,5618.262,5633.766,5652.947,5675.837,5702.468,5732.875,5767.093,5805.162,5847.124,5893.021,5942.898,5996.805,6054.790,6116.908,6183.211,6253.758,6328.609,6407.826,6491.473,6579.619,6672.333,6769.688,6871.760,6978.627,7090.372,7207.078,7328.833,7455.728,7587.857,7725.316,7868.207,8016.633,8170.703,8330.528,8496.224,8667.909,8845.708,9029.748,9220.162,9417.084,9620.658,9831.029,10048.348,10272.772,10504.461,10743.583,10990.311,11244.823,11507.305,11777.948,12056.948,12344.512,12640.850,12946.181,13260.730,13584.733,13918.431,14262.073,14615.918,14980.232,15355.290,15741.377,16138.785,16547.814,16968.776,17401.988,17847.778,18306.478,18778.431,19263.983,19763.486,20277.293,20805.760,21349.237,21908.070,22482.591,23073.110,23679.912,24303.234,24943.257,25600.076,26273.672,26963.865,27670.255,28392.141,29128.401,29877.334,30636.442,31402.124,32169.279,32930.784,33676.872,34394.468,35066.649,35672.575,36188.360,36589.308,36853.247,36963.333,36908.120,36679.700,36271.510,35676.897,34888.918,33901.606,32712.667,31327.118,29760.367,28038.282,26192.908,24257.072,22260.402,20227.323,18176.544,16121.425,14070.739,12029.591,10000.277,7983.061,5976.785,3979.357,1988.099,0.000
0.000,0.000,0.000,0.000,0.000,0.000,0.000,0.000,0.000,0.000,3355.776,6556.852,9624.557,12606.270,15495.529,18258.809,20855.819,23246.665,25395.603,27275.689,28872.689,30184.528,31217.731,31983.688,32496.505,32772.872,32833.444,32704.354,32416.858,32004.083,31497.301,30923.522,30304.635,29657.624,28995.283,28327.058,27659.821,26998.514,26346.646,25706.666,25080.246,24468.482,23872.048,23291.303,22726.378,22177.230,21643.695,21125.516,20622.376,20133.911,19659.727,19199.416,18752.559,18318.733,17897.520,17488.507,17091.292,16705.481,16330.694,15966.565,15612.738,15268.876,14934.652,14609.755,14293.887,13986.762,13688.109,13397.668,13115.192,12840.444,12573.200,12313.244,12060.373,11814.391,11575.113,11342.361,11115.967,10895.770,10681.616,10473.359,10270.860,10073.985,9882.608,9696.608,9515.869,9340.282,9169.742,9004.148,8843.406,8687.425,8536.117,8389.402,8247.201,8109.439,7976.045,7846.953,7722.098,7601.420,7484.861,7372.368,7263.889,7159.375,7058.783,6962.068,6869.192,6780.116,6694.807,6613.232,6535.362,6461.169,6390.629,6323.719,6260.419,6200.712,6144.581,6092.014,6043.000,5997.529,5955.594,5917.191,5882.318,5850.974,5823.161,5798.883,5778.145,5760.956,5747.325,5737.265,5730.790,5727.917,5728.663,5733.049,5741.099,5752.835,5768.286,5787.480,5810.449,5837.225,5867.844,5902.344,5940.765,5983.148,6029.539,6079.984,6134.532,6193.235,6256.146,6323.322,6394.823,6470.709,6551.045,6635.897,6725.336,6819.432,6918.262,7021.904,7130.439,7243.950,7362.526,7486.257,7615.237,7749.564,7889.338,8034.664,8185.651,8342.411,8505.061,8673.721,8848.517,9029.577,9217.037,9411.035,9611.715,9819.227,10033.726,10255.371,10484.329,10720.774,10964.883,11216.843,11476.845,11745.091,12021.787,12307.148,12601.398,12904.770,13217.505,13539.853,13872.074,14214.440,14567.232,14930.742,15305.275,15691.146,16088.685,16498.232,16920.144,17354.790,17802.551,18263.827,18739.030,19228.587,19732.941,20252.550,20787.886,21339.436,21907.697,22493.179,23096.400,23717.882,24358.145,25017.702,25697.044,26396.627,27116.847,27858.010,28620.281,29403.615,30207.654,31031.575,31873.867,32732.002,33601.956,34477.530,35349.429,36204.096,37022.478,37779.183,38443.033,38980.341,39361.387,39566.778,39586.507,39415.280,39048.014,38477.090,37691.690,36679.439,35430.693,33945.407,32240.434,30351.288,28322.592,26197.832,24013.590,21797.870,19570.652,17345.272,15129.910,12928.884,10743.709,8573.912,6417.655,4272.189,2134.190,0.000
0.000,0.000,0.000,0.000,0.000,0.000,0.000,0.000,0.000,0.000,4281.358,8083.281,11547.494,14804.832,17909.444,20862.581,23635.769,26184.860,28461.567,30427.121,32064.034,33374.155,34370.304,35068.885,35486.342,35639.739,35550.605,35249.715,34778.012,34179.455,33493.884,32753.542,31982.693,31198.755,30413.851,29636.232,28871.403,28122.946,27393.113,26683.233,25993.989,25325.622,24678.064,24051.033,23444.102,22856.746,22288.381,21738.384,21206.115,20690.929,20192.185,19709.254,19241.524,18788.402,18349.316,17923.719,17511.085,17110.916,16722.733,16346.083,15980.536,15625.681,15281.131,14946.518,14621.492,14305.724,13998.900,13700.722,13410.909,13129.195,12855.326,12589.064,12330.180,12078.458,11833.694,11595.694,11364.273,11139.255,10920.475,10707.774,10501.001,10300.014,10104.677,9914.861,9730.442,9551.303,9377.335,9208.429,9044.488,8885.413,8731.114,8581.505,8436.505,8296.034,8160.018,8028.388,7901.078,7778.023,7659.164,7544.446,7433.814,7327.219,7224.615,7125.956,7031.203,6940.315,6853.258,6769.999,6690.506,6614.752,6542.712,6474.363,6409.683,6348.654,6291.261,6237.490,6187.329,6140.769,6097.804,6058.428,6022.639,5990.436,5961.822,5936.800,5915.376,5897.559,5883.359,5872.788,5865.861,5862.594,5863.007,5867.120,5874.957,5886.542,5901.904,5921.072,5944.078,5970.955,6001.741,6036.474,6075.194,6117.945,6164.772,6215.724,6270.851,6330.205,6393.842,6461.821,6534.200,6611.044,6692.419,6778.392,6869.036,6964.425,7064.637,7169.752,7279.852,7395.027,7515.365,7640.960,7771.910,7908.315,8050.280,8197.914,8351.330,8510.643,8675.976,8847.455,9025.209,9209.375,9400.092,9597.508,9801.773,10013.044,10231.485,10457.265,10690.561,10931.556,11180.440,11437.411,11702.677,11976.450,12258.956,12550.425,12851.100,13161.235,13481.092,13810.946,14151.084,14501.805,14863.421,15236.259,15620.660,16016.982,16425.596,16846.894,17281.284,17729.193,18191.069,18667.381,19158.620,19665.301,20187.961,20727.165,21283.505,21857.598,22450.093,23061.665,23693.024,24344.905,25018.077,25713.334,26431.495,27173.402,27939.898,28731.823,29549.975,30395.071,31267.667,32168.043,33096.004,34050.572,35029.479,36028.377,37039.599,38050.352,39040.286,39978.913,40824.479,41527.839,42045.356,42356.038,42455.984,42347.015,42028.280,41491.849,40721.393,39693.838,38385.319,36783.439,34904.725,32803.889,30548.379,28198.108,25798.289,23379.946,20962.944,18559.123,16174.761,13812.341,11471.774,9151.234,6847.741,4557.558,2276.473,0.000
0.000,0.000,0.000,0.000,0.000,0.000,0.000,0.000,0.000,0.000,5686.386,9947.436,13677.334,17156.151,20474.874,23646.351,26639.875,29395.511,31838.770,33907.292,35582.288,36877.889,37820.603,38435.390,38740.453,38749.383,38479.811,37966.223,37266.400,36442.274,35545.721,34614.610,33674.436,32741.503,31825.842,30933.383,30067.433,29229.631,28420.564,27640.151,26887.899,26163.052,25464.706,24791.867,24143.506,23518.579,22916.057,22334.931,21774.228,21233.009,20710.381,20205.490,19717.527,19245.724,18789.358,18347.743,17920.235,17506.224,17105.140,16716.440,16339.620,15974.199,15619.728,15275.784,14941.968,14617.904,14303.239,13997.639,13700.790,13412.394,13132.172,12859.859,12595.207,12337.979,12087.951,11844.914,11608.666,11379.020,11155.796,10938.825,10727.945,10523.004,10323.858,10130.369,9942.406,9759.847,9582.575,9410.476,9243.447,9081.386,8924.198,8771.793,8624.086,8480.993,8342.439,8208.351,8078.659,7953.299,7832.207,7715.326,7602.601,7493.981,7389.417,7288.863,7192.277,7099.620,7010.854,6925.946,6844.864,6767.579,6694.066,6624.300,6558.261,6495.929,6437.289,6382.326,6331.029,6283.387,6239.396,6199.048,6162.342,6129.277,6099.856,6074.082,6051.961,6033.502,6018.716,6007.615,6000.214,5996.530,5996.583,6000.394,6007.986,6019.386,6034.622,6053.724,6076.725,6103.658,6134.563,6169.478,6208.444,6251.507,6298.713,6350.110,6405.751,6465.690,6529.983,6598.689,6671.871,6749.594,6831.924,6918.933,7010.694,7107.283,7208.779,7315.267,7426.831,7543.560,7665.549,7792.894,7925.694,8064.054,8208.083,8357.892,8513.599,8675.324,8843.193,9017.338,9197.893,9385.001,9578.808,9779.466,9987.133,10201.975,10424.164,10653.877,10891.301,11136.629,11390.063,11651.813,11922.099,12201.149,12489.202,12786.507,13093.325,13409.928,13736.602,14073.644,14421.366,14780.096,15150.177,15531.968,15925.847,16332.210,16751.474,17184.077,17630.481,18091.169,18566.653,19057.473,19564.196,20087.421,20627.783,21185.952,21762.635,22358.584,22974.593,23611.507,24270.223,24951.693,25656.934,26387.027,27143.126,27926.464,28738.355,29580.196,30453.468,31359.723,32300.552,33277.530,34292.094,35345.314,36437.480,37567.320,38730.617,39917.760,41109.693,42271.956,43348.349,44261.362,44936.317,45356.168,45534.494,45488.616,45226.328,44740.710,44008.263,42989.262,41633.361,39898.352,37791.181,35411.201,32868.965,30247.963,27601.541,24960.703,22342.077,19753.535,17197.687,14673.960,12179.821,9711.517,7264.523,4833.832,2414.146,0.000
0.000,0.000,0.000,0.000,0.000,0.000,0.000,1365.059,2826.469,4804.666,8516.764,12342.761,16058.278,19667.597,23187.586,26608.121,29881.923,32918.604,35590.780,37781.076,39480.038,40734.628,41598.965,42111.782,42290.889,42137.759,41653.302,40869.280,39879.461,38777.944,37632.596,36485.279,35359.536,34267.636,33215.347,32204.801,31236.150,30308.476,29420.310,28569.919,27755.466,26975.102,26227.014,25509.455,24820.759,24159.345,23523.725,22912.496,22324.344,21758.039,21212.427,20686.433,20179.050,19689.338,19216.420,18759.477,18317.746,17890.510,17477.104,17076.904,16689.328,16313.829,15949.899,15597.061,15254.866,14922.897,14600.759,14288.085,13984.528,13689.763,13403.483,13125.401,12855.246,12592.764,12337.712,12089.864,11849.006,11614.937,11387.464,11166.407,10951.595,10742.868,10540.071,10343.061,10151.699,9965.857,9785.410,9610.243,9440.244,9275.309,9115.339,8960.239,8809.919,8664.297,8523.291,8386.826,8254.830,8127.236,8003.981,7885.003,7770.247,7659.658,7553.188,7450.789,7352.418,7258.034,7167.599,7081.079,6998.441,6919.656,6844.697,6773.540,6706.162,6642.546,6582.675,6526.532,6474.109,6425.393,6380.379,6339.062,6301.438,6267.508,6237.273,6210.737,6187.908,6168.794,6153.405,6141.754,6133.857,6129.731,6129.397,6132.875,6140.191,6151.371,6166.443,6185.438,6208.390,6235.334,6266.309,6301.354,6340.513,6383.831,6431.354,6483.134,6539.224,6599.678,6664.554,6733.914,6807.820,6886.340,6969.541,7057.497,7150.283,7247.977,7350.660,7458.417,7571.337,7689.512,7813.038,7942.013,8076.541,8216.729,8362.689,8514.536,8672.392,8836.381,9006.635,9183.288,9366.481,9556.361,9753.080,9956.798,10167.679,10385.896,10611.628,10845.062,11086.394,11335.827,11593.572,11859.854,12134.902,12418.960,12712.281,13015.132,13327.789,13650.545,13983.704,14327.589,14682.536,15048.899,15427.050,15817.382,16220.307,16636.260,17065.699,17509.110,17967.005,18439.923,18928.439,19433.158,19954.725,20493.822,21051.175,21627.558,22223.793,22840.759,23479.397,24140.712,24825.788,25535.788,26271.971,27035.700,27828.459,28651.869,29507.709,30397.940,31324.734,32290.506,33297.947,34350.043,35450.088,36601.627,37808.271,39073.224,40398.158,41780.701,43209.045,44651.104,46035.793,47233.105,48082.515,48597.935,48837.302,48846.710,48647.775,48236.463,47581.741,46621.635,45260.552,43385.468,40950.481,38180.804,35268.346,32323.265,29399.234,26519.272,23691.148,20915.270,18188.507,15506.003,12862.046,10250.499,7665.006,5099.105,2546.281,0.000
0.000,0.000,0.000,0.000,0.000,0.000,0.000,2633.771,5136.156,7875.440,11233.256,14848.583,18545.444,22268.400,25999.786,29716.664,33361.137,36806.251,39824.733,42146.263,43822.243,44981.717,45728.963,46122.020,46173.729,45857.662,45126.599,43978.429,42604.570,41157.855,39721.913,38334.911,37011.391,35754.821,34563.830,33435.113,32364.739,31348.721,30383.249,29464.776,28590.032,27756.020,26959.994,26199.437,25472.040,24775.683,24108.419,23468.454,22854.138,22263.948,21696.480,21150.436,20624.620,20117.923,19629.319,19157.859,18702.661,18262.911,17837.850,17426.773,17029.026,16644.000,16271.127,15909.879,15559.763,15220.316,14891.111,14571.744,14261.839,13961.042,13669.024,13385.475,13110.104,12842.636,12582.816,12330.400,12085.161,11846.885,11615.368,11390.422,11171.864,10959.526,10753.247,10552.874,10358.263,10169.280,9985.796,9807.689,9634.843,9467.151,9304.508,9146.817,8993.986,8845.928,8702.559,8563.802,8429.582,8299.831,8174.483,8053.475,7936.749,7824.251,7715.930,7611.738,7511.630,7415.563,7323.501,7235.407,7151.247,7070.993,6994.615,6922.091,6853.398,6788.516,6727.429,6670.121,6616.581,6566.799,6520.768,6478.482,6439.939,6405.140,6374.084,6346.779,6323.229,6303.444,6287.435,6275.215,6266.799,6262.207,6261.457,6264.573,6271.579,6282.502,6297.371,6316.218,6339.078,6365.985,6396.980,6432.104,6471.399,6514.913,6562.693,6614.792,6671.262,6732.161,6797.548,6867.484,6942.034,7021.268,7105.253,7194.066,7287.783,7386.483,7490.252,7599.174,7713.342,7832.849,7957.793,8088.276,8224.405,8366.290,8514.045,8667.789,8827.648,8993.750,9166.230,9345.227,9530.888,9723.365,9922.814,10129.402,10343.300,10564.686,10793.748,11030.682,11275.690,11528.987,11790.795,12061.346,12340.886,12629.668,12927.962,13236.048,13554.222,13882.792,14222.085,14572.443,14934.227,15307.816,15693.611,16092.035,16503.535,16928.582,17367.676,17821.345,18290.151,18774.688,19275.588,19793.525,20329.212,20883.413,21456.944,22050.675,22665.540,23302.541,23962.755,24647.346,25357.572,26094.798,26860.514,27656.350,28484.101,29345.756,30243.535,31179.935,32157.787,33180.340,34251.352,35375.224,36557.157,37803.349,39121.217,40519.559,42008.450,43598.154,45294.943,47087.834,48910.783,50552.881,51562.808,52115.841,52370.140,52413.206,52281.652,51975.671,51460.642,50655.022,49401.777,47432.516,44444.499,41093.215,37700.375,34377.541,31152.882,28026.023,24987.989,22027.907,19135.084,16299.509,13511.870,10763.434,8045.904,5351.304,2671.875,0.000
0.000,0.000,0.000,0.000,0.000,0.000,0.000,4033.872,7208.953,10327.692,13692.252,17272.890,21006.536,24860.800,28826.525,32897.644,37039.746,41120.573,44755.682,47157.053,48681.016,49641.107,50213.238,50473.712,50424.475,49992.725,49017.214,47313.533,45402.865,43527.392,41762.754,40121.594,38596.896,37177.094,35850.771,34607.877,33439.831,32339.342,31300.176,30316.950,29384.973,28500.120,27658.731,26857.541,26093.620,25364.324,24667.263,24000.267,23361.361,22748.742,22160.764,21595.920,21052.828,20530.219,20026.926,19541.873,19074.073,18622.610,18186.641,17765.384,17358.118,16964.172,16582.925,16213.799,15856.258,15509.803,15173.968,14848.319,14532.452,14225.989,13928.576,13639.883,13359.599,13087.434,12823.115,12566.387,12317.009,12074.755,11839.413,11610.782,11388.673,11172.908,10963.320,10759.750,10562.048,10370.074,10183.693,10002.780,9827.215,9656.885,9491.684,9331.511,9176.271,9025.874,8880.234,8739.271,8602.910,8471.080,8343.711,8220.741,8102.111,7987.765,7877.649,7771.716,7669.919,7572.216,7478.568,7388.938,7303.292,7221.600,7143.833,7069.968,6999.981,6933.853,6871.566,6813.106,6758.459,6707.618,6660.574,6617.321,6577.859,6542.186,6510.304,6482.219,6457.937,6437.466,6420.819,6408.010,6399.053,6393.967,6392.774,6395.495,6402.157,6412.787,6427.414,6446.071,6468.792,6495.616,6526.580,6561.728,6601.103,6644.753,6692.728,6745.079,6801.862,6863.134,6928.955,6999.390,7074.503,7154.364,7239.046,7328.623,7423.174,7522.782,7627.532,7737.511,7852.814,7973.537,8099.780,8231.647,8369.246,8512.693,8662.103,8817.600,8979.310,9147.369,9321.912,9503.086,9691.040,9885.930,10087.920,10297.181,10513.890,10738.233,10970.404,11210.606,11459.051,11715.961,11981.568,12256.117,12539.862,12833.071,13136.026,13449.021,13772.369,14106.396,14451.446,14807.883,15176.089,15556.469,15949.450,16355.483,16775.049,17208.654,17656.835,18120.163,18599.247,19094.731,19607.304,20137.700,20686.704,21255.153,21843.947,22454.050,23086.499,23742.412,24422.995,25129.558,25863.523,26626.439,27420.010,28246.109,29106.815,30004.447,30941.620,31921.304,32946.917,34022.440,35152.573,36342.967,37600.534,38933.914,40354.152,41875.753,43518.285,45308.819,47284.980,49494.693,51966.757,54504.917,55500.060,55932.535,56114.255,56154.360,56089.988,55923.953,55630.160,55136.054,54259.041,52498.338,48301.805,44047.205,40062.419,36333.661,32808.747,29443.969,26206.894,23073.301,20024.424,17045.089,14122.502,11245.470,8403.877,5588.333,2789.918,0.000
0.000,0.000,0.000,0.000,917.776,1976.123,3477.147,6292.770,9338.100,12534.136,15935.184,19544.207,23347.029,27341.762,31547.893,36007.668,40779.657,45880.642,50920.399,53045.285,54103.698,54688.504,55009.226,55135.184,55057.822,54671.664,53636.162,50855.858,48166.272,45786.479,43680.575,41792.342,40078.106,38506.556,37055.024,35706.600,34448.241,33269.581,32162.165,31118.941,30133.920,29201.945,28318.519,27479.687,26681.941,25922.154,25197.523,24505.525,23843.883,23210.535,22603.608,22021.396,21462.347,20925.042,20408.181,19910.574,19431.130,18968.843,18522.791,18092.121,17676.047,17273.844,16884.840,16508.413,16143.986,15791.024,15449.030,15117.540,14796.125,14484.383,14181.938,13888.442,13603.568,13327.009,13058.478,12797.707,12544.444,12298.453,12059.511,11827.410,11601.952,11382.952,11170.237,10963.642,10763.012,10568.200,10379.069,10195.488,10017.334,9844.492,9676.851,9514.308,9356.764,9204.128,9056.311,8913.232,8774.814,8640.982,8511.668,8386.808,8266.339,8150.206,8038.354,7930.733,7827.298,7728.005,7632.813,7541.686,7454.590,7371.492,7292.366,7217.185,7145.927,7078.572,7015.102,6955.502,6899.760,6847.867,6799.814,6755.597,6715.214,6678.663,6645.948,6617.074,6592.046,6570.875,6553.572,6540.152,6530.630,6525.025,6523.359,6525.654,6531.938,6542.236,6556.581,6575.004,6597.542,6624.232,6655.114,6690.231,6729.629,6773.355,6821.460,6873.997,6931.022,6992.593,7058.773,7129.625,7205.217,7285.620,7370.907,7461.154,7556.443,7656.856,7762.480,7873.407,7989.731,8111.551,8238.968,8372.090,8511.028,8655.898,8806.820,8963.920,9127.328,9297.181,9473.622,9656.798,9846.864,10043.980,10248.316,10460.046,10679.355,10906.434,11141.484,11384.714,11636.345,11896.608,12165.742,12444.002,12731.654,13028.978,13336.266,13653.828,13981.991,14321.096,14671.507,15033.604,15407.794,15794.501,16194.179,16607.308,17034.396,17475.982,17932.640,18404.982,18893.657,19399.359,19922.830,20464.860,21026.299,21608.054,22211.104,22836.498,23485.369,24158.941,24858.540,25585.606,26341.710,27128.569,27948.072,28802.307,29693.596,30624.542,31598.085,32617.586,33686.929,34810.665,35994.217,37244.165,38568.675,39978.136,41486.188,43111.420,44880.461,46834.144,49041.688,51639.361,54956.723,60000.000,60000.000,60000.000,60000.000,60000.000,60000.000,60000.000,60000.000,60000.000,60000.000,60000.000,52217.191,46731.395,42168.451,38085.954,34304.493,30734.225,27322.331,24033.991,20844.236,17733.931,14687.587,11692.073,8735.807,5808.234,2899.464,0.000
0.000,0.000,0.000,0.000,1694.982,3509.572,5639.701,8321.969,11316.553,14535.580,17970.158,21621.741,25495.631,29611.346,34015.639,38805.500,44190.591,50701.951,60000.000,60000.000,60000.000,60000.000,60000.000,60000.000,60000.000,60000.000,60000.000,54307.662,50620.172,47772.044,45381.173,43289.622,41417.233,39716.674,38156.918,36716.076,35377.837,34129.532,32960.985,31863.815,30830.973,29856.435,28934.990,28062.082,27233.698,26446.281,25696.659,24981.993,24299.735,23647.584,23023.463,22425.489,21851.954,21301.300,20772.111,20263.090,19773.052,19300.912,18845.673,18406.419,17982.308,17572.561,17176.463,16793.351,16422.612,16063.680,15716.026,15379.163,15052.637,14736.024,14428.932,14130.994,13841.867,13561.231,13288.787,13024.255,12767.373,12517.894,12275.588,12040.239,11811.642,11589.607,11373.952,11164.510,10961.119,10763.629,10571.898,10385.792,10205.185,10029.958,9859.997,9695.198,9535.459,9380.686,9230.790,9085.686,8945.296,8809.545,8678.362,8551.682,8429.442,8311.585,8198.055,8088.802,7983.780,7882.943,7786.252,7693.667,7605.156,7520.687,7440.230,7363.760,7291.253,7222.691,7158.055,7097.329,7040.503,6987.565,6938.508,6893.328,6852.021,6814.589,6781.034,6751.360,6725.575,6703.687,6685.711,6671.658,6661.547,6655.396,6653.227,6655.064,6660.933,6670.863,6684.883,6703.029,6725.337,6751.843,6782.591,6817.622,6856.983,6900.723,6948.893,7001.547,7058.743,7120.539,7186.999,7258.188,7334.174,7415.029,7500.829,7591.650,7687.576,7788.690,7895.081,8006.843,8124.071,8246.866,8375.332,8509.579,8649.719,8795.871,8948.157,9106.707,9271.655,9443.138,9621.305,9806.304,9998.296,10197.445,10403.926,10617.916,10839.606,11069.194,11306.885,11552.896,11807.454,12070.798,12343.176,12624.852,12916.101,13217.213,13528.493,13850.264,14182.864,14526.652,14882.007,15249.327,15629.036,16021.583,16427.442,16847.120,17281.151,17730.107,18194.592,18675.257,19172.789,19687.928,20221.462,20774.236,21347.157,21941.199,22557.409,23196.916,23860.939,24550.799,25267.926,26013.878,26790.354,27599.218,28442.516,29322.514,30241.734,31202.999,32209.501,33264.883,34373.349,35539.822,36770.155,38071.437,39452.441,40924.290,42501.503,44203.679,46058.334,48105.881,50408.474,53064.471,56220.817,60000.000,60000.000,60000.000,60000.000,60000.000,60000.000,60000.000,60000.000,60000.000,60000.000,60000.000,53835.571,48492.746,43794.050,39537.225,35589.058,31866.123,28314.227,24896.108,21584.606,18358.820,15201.851,12099.433,9039.047,6009.337,2999.703,0.000
0.000,0.000,0.000,0.000,2352.582,4727.488,7250.125,10038.862,13070.577,16321.486,19788.143,23476.988,27402.427,31592.372,36097.833,41008.119,46475.267,52736.577,60000.000,60000.000,60000.000,60000.000,60000.000,60000.000,60000.000,60000.000,60000.000,55754.789,52234.980,49300.713,46782.896,44568.264,42585.135,40786.671,39140.656,37623.778,36218.403,34910.695,33689.469,32545.470,31470.894,30459.070,29504.224,28601.315,27745.912,26934.095,26162.379,25427.654,24727.133,24058.312,23418.934,22806.961,22220.546,21658.013,21117.840,20598.638,20099.141,19618.191,19154.727,18707.777,18276.448,17859.917,17457.430,17068.287,16691.844,16327.505,15974.719,15632.974,15301.795,14980.741,14669.403,14367.399,14074.372,13789.989,13513.943,13245.942,12985.714,12733.007,12487.581,12249.214,12017.696,11792.829,11574.429,11362.322,11156.344,10956.339,10762.162,10573.678,10390.756,10213.274,10041.118,9874.180,9712.356,9555.551,9403.673,9256.638,9114.364,8976.776,8843.802,8715.376,8591.433,8471.916,8356.768,8245.939,8139.381,8037.048,7938.901,7844.900,7755.012,7669.203,7587.445,7509.712,7435.981,7366.231,7300.445,7238.608,7180.707,7126.732,7076.675,7030.533,6988.303,6949.985,6915.582,6885.098,6858.542,6835.922,6817.252,6802.546,6791.821,6785.097,6782.395,6783.740,6789.159,6798.680,6812.335,6830.159,6852.188,6878.461,6909.019,6943.907,6983.172,7026.863,7075.032,7127.735,7185.028,7246.973,7313.634,7385.076,7461.370,7542.588,7628.806,7720.104,7816.564,7918.274,8025.322,8137.804,8255.818,8379.464,8508.851,8644.088,8785.291,8932.580,9086.082,9245.926,9412.250,9585.196,9764.912,9951.553,10145.281,10346.265,10554.683,10770.719,10994.566,11226.427,11466.515,11715.051,11972.270,12238.415,12513.745,12798.529,13093.053,13397.616,13712.534,14038.141,14374.787,14722.846,15082.708,15454.792,15839.536,16237.410,16648.909,17074.561,17514.927,17970.605,18442.232,18930.487,19436.098,19959.842,20502.552,21065.121,21648.507,22253.743,22881.938,23534.293,24212.103,24916.771,25649.821,26412.910,27207.848,28036.617,28901.393,29804.583,30748.857,31737.198,32772.963,33859.964,35002.576,36205.877,37475.845,38819.631,40245.945,41765.602,43392.318,45143.859,47043.649,49122.839,51422.053,53989.355,56862.115,60000.000,60000.000,60000.000,60000.000,60000.000,60000.000,60000.000,60000.000,60000.000,60000.000,60000.000,54632.354,49609.976,44977.788,40679.849,36648.404,32826.992,29172.357,25651.619,22239.272,18914.898,15661.571,12464.767,9311.615,6190.365,3090.012,0.000
0.000,0.000,0.000,0.000,2987.862,5797.681,8594.459,11512.790,14605.422,17891.662,21383.957,25095.658,29044.735,33257.899,37775.217,42653.890,47965.789,53769.093,60000.000,60000.000,60000.000,60000.000,60000.000,60000.000,60000.000,60000.000,60000.000,56476.676,53264.505,50413.284,47881.875,45615.931,43568.983,41704.909,39996.025,38420.820,36962.220,35606.366,34341.787,33158.829,32049.262,31005.990,30022.847,29094.432,28215.993,27383.322,26592.682,25840.742,25124.519,24441.341,23788.799,23164.726,22567.159,21994.323,21444.605,20916.539,20408.789,19920.136,19449.466,18995.758,18558.077,18135.563,17727.426,17332.938,16951.427,16582.274,16224.906,15878.790,15543.437,15218.388,14903.220,14597.539,14300.977,14013.191,13733.863,13462.694,13199.406,12943.736,12695.442,12454.293,12220.077,11992.589,11771.642,11557.058,11348.668,11146.316,10949.852,10759.138,10574.042,10394.440,10220.215,10051.256,9887.460,9728.729,9574.971,9426.099,9282.030,9142.690,9008.004,8877.904,8752.329,8631.216,8514.511,8402.162,8294.121,8190.341,8090.783,7995.406,7904.177,7817.062,7734.034,7655.065,7580.132,7509.215,7442.296,7379.360,7320.395,7265.391,7214.339,7167.237,7124.081,7084.872,7049.613,7018.309,6990.968,6967.600,6948.217,6932.836,6921.472,6914.146,6910.880,6911.700,6916.631,6925.705,6938.952,6956.409,6978.110,7004.098,7034.412,7069.100,7108.207,7151.785,7199.886,7252.567,7309.885,7371.901,7438.682,7510.293,7586.806,7668.295,7754.836,7846.511,7943.403,8045.600,8153.194,8266.280,8384.957,8509.330,8639.505,8775.597,8917.721,9066.002,9220.565,9381.545,9549.080,9723.315,9904.402,10092.498,10287.768,10490.385,10700.529,10918.390,11144.164,11378.059,11620.292,11871.091,12130.695,12399.354,12677.334,12964.911,13262.378,13570.044,13888.234,14217.291,14557.577,14909.477,15273.397,15649.766,16039.042,16441.709,16858.282,17289.308,17735.372,18197.095,18675.142,19170.221,19683.091,20214.565,20765.514,21336.874,21929.649,22544.922,23183.859,23847.719,24537.865,25255.769,26003.035,26781.402,27592.770,28439.215,29323.013,30246.672,31212.963,32224.968,33286.128,34400.320,35571.942,36806.034,38108.426,39485.948,40946.696,42500.382,44158.774,45936.187,47849.899,49920.034,52167.736,54608.896,57238.327,60000.000,60000.000,60000.000,60000.000,60000.000,60000.000,60000.000,60000.000,60000.000,60000.000,60000.000,55083.876,50337.023,45827.286,41555.987,37497.727,33621.095,29896.599,26298.747,22805.974,19399.938,16064.774,12786.456,9552.284,6350.499,3169.980,0.000
0.000,0.000,0.000,0.000,3801.193,6880.926,9817.250,12812.432,15946.676,19255.801,22760.383,26476.973,30422.976,34619.290,39091.264,43866.446,48964.916,54374.006,60000.000,60000.000,60000.000,60000.000,60000.000,60000.000,60000.000,60000.000,60000.000,56887.568,53933.336,51206.393,48715.833,46445.135,44370.571,42468.659,40718.494,39102.116,37604.226,36211.772,34913.564,33699.950,32562.554,31494.070,30488.095,29538.993,28641.786,27792.059,26985.889,26219.774,25490.583,24795.509,24132.030,23497.873,22890.985,22309.510,21751.764,21216.219,20701.484,20206.292,19729.483,19269.999,18826.870,18399.207,17986.192,17587.072,17201.155,16827.801,16466.420,16116.465,15777.430,15448.847,15130.279,14821.323,14521.601,14230.765,13948.485,13674.458,13408.399,13150.041,12899.135,12655.447,12418.759,12188.866,11965.575,11748.704,11538.084,11333.555,11134.965,10942.174,10755.048,10573.461,10397.294,10226.436,10060.783,9900.234,9744.697,9594.083,9448.311,9307.303,9170.984,9039.288,8912.149,8789.508,8671.307,8557.495,8448.023,8342.845,8241.920,8145.209,8052.677,7964.291,7880.022,7799.844,7723.733,7651.669,7583.634,7519.613,7459.594,7403.567,7351.525,7303.463,7259.380,7219.275,7183.152,7151.017,7122.878,7098.744,7078.630,7062.550,7050.521,7042.565,7038.704,7038.964,7043.371,7051.957,7064.753,7081.795,7103.120,7128.769,7158.785,7193.214,7232.102,7275.502,7323.467,7376.053,7433.320,7495.330,7562.149,7633.844,7710.487,7792.154,7878.921,7970.872,8068.091,8170.666,8278.691,8392.262,8511.481,8636.451,8767.283,8904.091,9046.994,9196.115,9351.585,9513.539,9682.116,9857.466,10039.741,10229.101,10425.715,10629.758,10841.414,11060.874,11288.340,11524.024,11768.146,12020.939,12282.646,12553.525,12833.845,13123.890,13423.960,13734.371,14055.455,14387.565,14731.073,15086.374,15453.883,15834.046,16227.331,16634.237,17055.297,17491.075,17942.174,18409.238,18892.954,19394.055,19913.330,20451.619,21009.829,21588.929,22189.966,22814.063,23462.435,24136.392,24837.349,25566.841,26326.531,27118.228,27943.898,28805.690,29705.949,30647.251,31632.425,32664.594,33747.216,34884.143,36079.680,37338.672,38666.598,40069.698,41555.105,43130.990,44806.674,46592.616,48500.058,50539.924,52720.150,55040.281,57482.333,60000.000,60000.000,60000.000,60000.000,60000.000,60000.000,60000.000,60000.000,60000.000,60000.000,60000.000,55366.129,50826.959,46438.352,42219.097,38165.431,34263.072,30494.205,26840.807,23285.946,19814.111,16411.139,13064.004,9760.569,6489.369,3239.411,0.000
0.000,689.648,1526.952,2802.182,5335.991,8107.595,10981.199,13973.029,17113.068,20424.504,23924.824,27628.897,31550.925,35705.041,40104.118,44755.726,49653.431,54762.020,60000.000,60000.000,60000.000,60000.000,60000.000,60000.000,60000.000,60000.000,60000.000,57140.414,54375.134,51763.473,49330.376,47078.742,45000.135,43081.371,41307.971,39665.800,38141.748,36723.959,35401.849,34166.027,33008.179,31920.955,30897.851,29933.106,29021.609,28158.816,27340.676,26563.577,25824.284,25119.897,24447.809,23805.675,23191.376,22602.998,22038.806,21497.224,20976.823,20476.296,19994.456,19530.213,19082.573,18650.623,18233.525,17830.510,17440.867,17063.943,16699.135,16345.885,16003.676,15672.030,15350.503,15038.684,14736.188,14442.659,14157.766,13881.197,13612.664,13351.896,13098.640,12852.659,12613.733,12381.653,12156.223,11937.260,11724.593,11518.059,11317.507,11122.793,10933.782,10750.347,10572.369,10399.736,10232.340,10070.083,9912.870,9760.613,9613.228,9470.637,9332.768,9199.550,9070.919,8946.814,8827.180,8711.963,8601.113,8494.587,8392.341,8294.337,8200.539,8110.915,8025.437,7944.076,7866.810,7793.620,7724.486,7659.394,7598.331,7541.289,7488.260,7439.240,7394.226,7353.221,7316.227,7283.249,7254.297,7229.381,7208.514,7191.712,7178.993,7170.378,7165.890,7165.554,7169.399,7177.456,7189.757,7206.338,7227.237,7252.495,7282.156,7316.265,7354.872,7398.028,7445.788,7498.208,7555.348,7617.271,7684.045,7755.737,7832.420,7914.170,8001.066,8093.190,8190.629,8293.472,8401.813,8515.750,8635.384,8760.823,8892.177,9029.561,9173.095,9322.906,9479.125,9641.888,9811.338,9987.623,10170.901,10361.332,10559.089,10764.348,10977.295,11198.126,11427.045,11664.267,11910.016,12164.528,12428.053,12700.850,12983.195,13275.376,13577.700,13890.489,14214.081,14548.837,14895.137,15253.384,15624.004,16007.452,16404.209,16814.785,17239.727,17679.613,18135.065,18606.741,19095.349,19601.644,20126.436,20670.593,21235.046,21820.797,22428.924,23060.586,23717.035,24399.623,25109.809,25849.174,26619.431,27422.437,28260.211,29134.948,30049.042,31005.102,32005.979,33054.796,34154.973,35310.270,36524.818,37803.167,39150.329,40571.810,42073.639,43662.335,45344.790,47127.947,49018.127,51019.713,53132.848,55349.859,57650.764,60000.000,60000.000,60000.000,60000.000,60000.000,60000.000,60000.000,60000.000,60000.000,60000.000,60000.000,55553.684,51166.339,46880.071,42716.626,38681.836,34771.565,30976.351,27284.339,23682.900,20159.427,16701.674,13297.855,9936.622,6607.000,3298.295,0.000
0.000,1231.642,2615.983,4345.793,6633.006,9232.278,12026.940,14985.439,18108.086,21404.346,24885.539,28562.889,32446.810,36545.851,40864.461,45398.921,50131.070,55020.644,60000.000,60000.000,60000.000,60000.000,60000.000,60000.000,60000.000,60000.000,60000.000,57299.109,54663.572,52142.346,49763.911,47539.869,45470.494,43549.443,41767.030,40112.257,38573.977,37141.517,35804.974,34555.328,33384.450,32285.060,31250.656,30275.448,29354.271,28482.522,27656.091,26871.303,26124.867,25413.830,24735.539,24087.602,23467.863,22874.371,22305.359,21759.224,21234.510,20729.890,20244.153,19776.194,19325.001,18889.647,18469.282,18063.123,17670.451,17290.603,16922.967,16566.977,16222.110,15887.883,15563.846,15249.581,14944.702,14648.847,14361.682,14082.892,13812.186,13549.291,13293.951,13045.928,12804.998,12570.951,12343.591,12122.734,11908.205,11699.842,11497.492,11301.011,11110.262,10925.119,10745.461,10571.175,10402.155,10238.299,10079.515,9925.711,9776.806,9632.721,9493.381,9358.718,9228.666,9103.166,8982.160,8865.595,8753.422,8645.596,8542.075,8442.819,8347.794,8256.967,8170.309,8087.793,8009.396,7935.099,7864.882,7798.732,7736.637,7678.587,7624.574,7574.596,7528.651,7486.739,7448.864,7415.033,7385.253,7359.537,7337.896,7320.349,7306.913,7297.609,7292.462,7291.495,7294.740,7302.226,7313.987,7330.059,7350.481,7375.294,7404.543,7438.274,7476.536,7519.381,7566.865,7619.044,7675.981,7737.738,7804.382,7875.983,7952.615,8034.353,8121.277,8213.472,8311.023,8414.021,8522.562,8636.743,8756.668,8882.443,9014.182,9152.000,9296.019,9446.366,9603.174,9766.579,9936.728,10113.769,10297.861,10489.169,10687.863,10894.124,11108.140,11330.110,11560.239,11798.744,12045.854,12301.808,12566.857,12841.266,13125.314,13419.294,13723.516,14038.308,14364.014,14701.000,15049.653,15410.383,15783.624,16169.838,16569.515,16983.178,17411.381,17854.717,18313.818,18789.359,19282.061,19792.696,20322.094,20871.141,21440.791,22032.070,22646.079,23284.006,23947.134,24636.843,25354.627,26102.103,26881.016,27693.260,28540.888,29426.126,30351.389,31319.298,32332.701,33394.686,34508.602,35678.075,36907.023,38199.658,39560.482,40994.254,42505.920,44100.470,45782.679,47556.661,49425.125,51388.217,53441.860,55575.656,57770.902,60000.000,60000.000,60000.000,60000.000,60000.000,60000.000,60000.000,60000.000,60000.000,60000.000,60000.000,55682.272,51404.645,47198.975,43085.506,39073.730,35165.008,31355.303,27637.308,24001.896,20439.029,16938.281,13489.125,10081.069,6703.717,3346.768,0.000
0.000,1620.942,3359.552,5332.014,7617.977,10161.589,12908.867,15833.726,18929.517,22199.283,25650.126,29290.338,33127.601,37167.114,41408.975,45844.444,50451.295,55189.489,60000.000,60000.000,60000.000,60000.000,60000.000,60000.000,60000.000,60000.000,60000.000,57392.609,54837.960,52378.794,50043.514,47846.889,45793.180,43879.617,42099.278,40443.133,38901.380,37464.229,36122.351,34867.086,33690.532,32585.545,31545.704,30565.263,29639.076,28762.547,27931.562,27142.438,26391.873,25676.901,24994.854,24343.329,23720.155,23123.369,22551.194,22002.016,21474.368,20966.915,20478.436,20007.821,19554.049,19116.188,18693.382,18284.843,17889.847,17507.728,17137.870,16779.703,16432.703,16096.381,15770.287,15454.001,15147.134,14849.324,14560.233,14279.546,14006.971,13742.234,13485.078,13235.265,12992.568,12756.779,12527.699,12305.145,12088.941,11878.925,11674.944,11476.852,11284.514,11097.803,10916.597,10740.783,10570.255,10404.912,10244.660,10089.409,9939.076,9793.583,9652.855,9516.824,9385.424,9258.594,9136.278,9018.424,8904.982,8795.906,8691.155,8590.690,8494.475,8402.479,8314.672,8231.027,8151.523,8076.138,8004.856,7937.662,7874.543,7815.491,7760.500,7709.564,7662.683,7619.859,7581.095,7546.398,7515.776,7489.241,7466.807,7448.491,7434.310,7424.288,7418.447,7416.814,7419.418,7426.292,7437.467,7452.982,7472.876,7497.190,7525.968,7559.259,7597.112,7639.579,7686.716,7738.582,7795.236,7856.745,7923.175,7994.597,8071.085,8152.715,8239.568,8331.727,8429.282,8532.322,8640.944,8755.247,8875.334,9001.315,9133.301,9271.409,9415.763,9566.491,9723.726,9887.606,10058.278,10235.893,10420.610,10612.594,10812.019,11019.067,11233.927,11456.800,11687.892,11927.424,12175.626,12432.738,12699.016,12974.726,13260.150,13555.585,13861.345,14177.760,14505.179,14843.972,15194.532,15557.273,15932.635,16321.086,16723.124,17139.277,17570.110,18016.222,18478.255,18956.896,19452.876,19966.980,20500.051,21052.990,21626.766,22222.422,22841.078,23483.942,24152.315,24847.602,25571.320,26325.106,27110.730,27930.107,28785.309,29678.577,30612.330,31589.187,32611.968,33683.713,34807.680,35987.353,37226.426,38528.781,39898.443,41339.494,42855.939,44451.499,46129.281,47891.308,49737.834,51666.438,53670.911,55740.117,57857.226,60000.000,60000.000,60000.000,60000.000,60000.000,60000.000,60000.000,60000.000,60000.000,60000.000,60000.000,55770.758,51571.001,47425.682,43352.703,39362.576,35459.443,31642.555,27907.700,24248.354,20656.519,17123.304,13639.298,10194.817,6780.032,3385.062,0.000
0.000,1892.580,3869.278,6004.750,8345.316,10887.259,13613.239,16511.111,19577.005,22813.177,26225.376,29820.771,33606.174,37586.058,41759.903,46118.603,50640.188,55286.020,60000.000,60000.000,60000.000,60000.000,60000.000,60000.000,60000.000,60000.000,60000.000,57433.529,54917.135,52491.730,50184.938,48011.568,45976.389,44077.328,42308.177,40660.553,39125.197,37692.767,36354.288,35101.384,33926.371,32822.278,31782.822,30802.357,29875.826,28998.696,28166.904,27376.810,26625.142,25908.962,25225.623,24572.737,23948.147,23349.902,22776.232,22225.530,21696.336,21187.318,20697.261,20225.056,19769.686,19330.221,18905.806,18495.656,18099.048,17715.315,17343.845,16984.068,16635.460,16297.533,15969.839,15651.957,15343.500,15044.106,14753.437,14471.180,14197.042,13930.750,13672.047,13420.695,13176.471,12939.163,12708.574,12484.522,12266.831,12055.339,11849.893,11650.349,11456.571,11268.431,11085.809,10908.593,10736.675,10569.956,10408.341,10251.741,10100.074,9953.260,9811.226,9673.903,9541.226,9413.135,9289.572,9170.487,9055.829,8945.553,8839.618,8737.984,8640.618,8547.486,8458.561,8373.815,8293.227,8216.775,8144.444,8076.218,8012.086,7952.039,7896.071,7844.178,7796.359,7752.616,7712.954,7677.378,7645.899,7618.527,7595.277,7576.167,7561.215,7550.443,7543.875,7541.539,7543.464,7549.681,7560.226,7575.135,7594.448,7618.207,7646.457,7679.246,7716.624,7758.645,7805.364,7856.840,7913.134,7974.313,8040.444,8111.596,8187.847,8269.271,8355.950,8447.970,8545.418,8648.386,8756.971,8871.272,8991.393,9117.444,9249.538,9387.793,9532.332,9683.284,9840.782,10004.967,10175.986,10353.990,10539.140,10731.601,10931.549,11139.166,11354.642,11578.180,11809.987,12050.285,12299.306,12557.291,12824.498,13101.195,13387.666,13684.210,13991.141,14308.795,14637.521,14977.694,15329.708,15693.982,16070.959,16461.112,16864.941,17282.981,17715.800,18164.005,18628.244,19109.208,19607.637,20124.325,20660.121,21215.936,21792.750,22391.614,23013.661,23660.111,24332.277,25031.576,25759.537,26517.809,27308.176,28132.561,28993.043,29891.862,30831.433,31814.356,32843.419,33921.604,35052.080,36238.195,37483.447,38791.434,40165.786,41610.041,43127.479,44720.868,46392.131,48141.874,49968.810,51869.059,53835.425,55856.791,57917.925,60000.000,60000.000,60000.000,60000.000,60000.000,60000.000,60000.000,60000.000,60000.000,60000.000,60000.000,55829.764,51682.922,47580.056,43537.053,39564.437,35667.642,31847.782,28102.592,24427.309,20815.397,17259.121,13749.954,10278.870,6836.537,3413.448,0.000
0.000,2080.105,4220.244,6472.411,8871.300,11428.917,14145.752,17020.508,20054.251,23251.082,26617.472,30161.235,33890.301,37811.076,41926.005,46229.899,50704.849,55314.407,60000.000,60000.000,60000.000,60000.000,60000.000,60000.000,60000.000,60000.000,60000.000,57424.539,54905.601,52486.439,50193.431,48038.647,46024.166,44145.910,42396.420,40766.661,39247.128,37828.475,36501.852,35259.068,34092.643,32995.801,31962.443,30987.085,30064.810,29191.205,28362.314,27574.582,26824.814,26110.134,25427.950,24775.918,24151.921,23554.042,22980.538,22429.827,21900.471,21391.154,20900.679,20427.949,19971.960,19531.792,19106.600,18695.606,18298.095,17913.407,17540.934,17180.112,16830.422,16491.381,16162.543,15843.492,15533.842,15233.235,14941.336,14657.834,14382.438,14114.877,13854.898,13602.262,13356.746,13118.143,12886.258,12660.906,12441.915,12229.125,12022.381,11821.541,11626.471,11437.043,11253.138,11074.644,10901.455,10733.471,10570.598,10412.748,10259.839,10111.791,9968.533,9829.996,9696.114,9566.828,9442.081,9321.823,9206.003,9094.576,8987.503,8884.743,8786.262,8692.029,8602.015,8516.195,8434.545,8357.046,8283.682,8214.437,8149.301,8088.265,8031.324,7978.473,7929.713,7885.046,7844.475,7808.008,7775.655,7747.427,7723.340,7703.411,7687.659,7676.106,7668.778,7665.701,7666.906,7672.425,7682.292,7696.545,7715.224,7738.373,7766.035,7798.261,7835.099,7876.604,7922.832,7973.843,8029.698,8090.464,8156.208,8227.002,8302.919,8384.039,8470.444,8562.217,8659.448,8762.229,8870.656,8984.830,9104.857,9230.843,9362.905,9501.160,9645.732,9796.750,9954.349,10118.669,10289.856,10468.064,10653.453,10846.191,11046.451,11254.417,11470.281,11694.244,11926.516,12167.319,12416.884,12675.456,12943.290,13220.657,13507.842,13805.144,14112.880,14431.384,14761.009,15102.130,15455.143,15820.467,16198.549,16589.861,16994.908,17414.225,17848.383,18297.991,18763.700,19246.204,19746.246,20264.622,20802.186,21359.851,21938.603,22539.495,23163.666,23812.337,24486.828,25188.558,25919.060,26679.985,27473.116,28300.377,29163.840,30065.738,31008.471,31994.613,33026.917,34108.310,35241.886,36430.883,37678.648,38988.574,40364.009,41808.122,43323.711,44912.940,46577.002,48315.675,50126.825,52005.841,53945.135,55933.816,57957.724,60000.000,60000.000,60000.000,60000.000,60000.000,60000.000,60000.000,60000.000,60000.000,60000.000,60000.000,55865.377,51750.873,47674.573,43651.022,39690.488,35798.914,31978.347,28227.589,24542.900,20918.648,17347.837,13822.533,10334.176,6873.800,3432.193,0.000
0.000,2207.607,4459.198,6793.370,9238.583,11811.391,14520.378,17370.958,20368.455,23519.474,26832.240,30316.441,33982.762,37841.981,41903.174,46170.167,50634.919,55266.768,60000.000,60000.000,60000.000,60000.000,60000.000,60000.000,60000.000,60000.000,60000.000,57359.203,54794.582,52355.398,50064.209,47926.035,45936.429,44086.532,42365.826,40763.527,39269.248,37873.303,36566.808,35341.702,34190.711,33107.297,32085.591,31120.328,30206.788,29340.734,28518.363,27736.252,26991.323,26280.798,25602.169,24953.168,24331.741,23736.024,23164.324,22615.100,22086.946,21578.582,21088.835,20616.634,20160.996,19721.018,19295.872,18884.795,18487.085,18102.094,17729.223,17367.919,17017.669,16678.000,16348.471,16028.672,15718.225,15416.774,15123.991,14839.568,14563.219,14294.675,14033.686,13780.017,13533.448,13293.774,13060.801,12834.348,12614.245,12400.331,12192.455,11990.477,11794.263,11603.687,11418.631,11238.984,11064.640,10895.502,10731.476,10572.474,10418.416,10269.222,10124.822,9985.145,9850.130,9719.717,9593.849,9472.475,9355.546,9243.019,9134.852,9031.007,8931.450,8836.149,8745.077,8658.208,8575.519,8496.993,8422.611,8352.360,8286.229,8224.211,8166.298,8112.490,8062.785,8017.185,7975.696,7938.325,7905.082,7875.979,7851.032,7830.259,7813.678,7801.313,7793.189,7789.334,7789.778,7794.554,7803.696,7817.243,7835.236,7857.718,7884.733,7916.331,7952.563,7993.483,8039.148,8089.617,8144.953,8205.222,8270.492,8340.835,8416.326,8497.044,8583.070,8674.490,8771.392,8873.870,8982.019,9095.942,9215.742,9341.529,9473.418,9611.527,9755.980,9906.905,10064.439,10228.721,10399.899,10578.125,10763.560,10956.371,11156.732,11364.828,11580.850,11804.998,12037.484,12278.527,12528.362,12787.230,13055.390,13333.109,13620.674,13918.383,14226.554,14545.519,14875.632,15217.268,15570.821,15936.711,16315.385,16707.314,17113.002,17532.983,17967.829,18418.148,18884.588,19367.845,19868.658,20387.824,20926.194,21484.681,22064.265,22666.001,23291.022,23940.548,24615.891,25318.469,26049.806,26811.546,27605.465,28433.473,29297.629,30200.148,31143.409,32129.959,33162.516,34243.961,35377.335,36565.804,37812.623,39121.072,40494.354,41935.458,43446.961,45030.768,46687.771,48417.438,50217.333,52082.624,54005.660,55975.736,57979.195,60000.000,60000.000,60000.000,60000.000,60000.000,60000.000,60000.000,60000.000,60000.000,60000.000,60000.000,55880.875,51780.626,47716.348,43701.983,39747.587,35859.190,32039.114,28286.525,24598.067,20968.466,17391.052,13858.172,10361.506,6892.299,3441.524,0.000
0.000,2291.135,4615.586,7003.313,9478.302,12057.720,14753.456,17574.537,20529.187,23626.173,26875.629,30289.582,33882.379,37670.961,41674.585,45912.710,50397.913,55117.752,60000.000,60000.000,60000.000,60000.000,60000.000,60000.000,60000.000,60000.000,60000.000,57217.877,54558.435,52076.784,49782.505,47665.493,45709.718,43898.793,42217.749,40653.383,39194.133,37829.859,36551.633,35351.556,34222.617,33158.574,32153.855,31203.478,30302.977,29448.347,28635.982,27862.638,27125.387,26421.586,25748.842,25104.986,24488.050,23896.247,23327.947,22781.667,22256.052,21749.864,21261.970,20791.330,20336.993,19898.083,19473.793,19063.382,18666.165,18281.513,17908.840,17547.607,17197.314,16857.496,16527.723,16207.595,15896.741,15594.812,15301.487,15016.464,14739.461,14470.216,14208.483,13954.030,13706.643,13466.118,13232.266,13004.909,12783.878,12569.015,12360.174,12157.213,11960.002,11768.417,11582.341,11401.664,11226.283,11056.101,10891.025,10730.970,10575.854,10425.601,10280.139,10139.400,10003.324,9871.849,9744.921,9622.489,9504.505,9390.926,9281.710,9176.822,9076.225,8979.890,8887.789,8799.898,8716.194,8636.658,8561.274,8490.029,8422.913,8359.917,8301.036,8246.268,8195.614,8149.075,8106.657,8068.368,8034.218,8004.221,7978.391,7956.747,7939.308,7926.099,7917.145,7912.473,7912.115,7916.103,7924.473,7937.264,7954.516,7976.273,8002.581,8033.489,8069.048,8109.313,8154.340,8204.191,8258.927,8318.614,8383.323,8453.124,8528.093,8608.309,8693.854,8784.812,8881.274,8983.332,9091.082,9204.627,9324.071,9449.523,9581.097,9718.913,9863.094,10013.768,10171.072,10335.145,10506.133,10684.191,10869.477,11062.158,11262.410,11470.415,11686.363,11910.456,12142.904,12383.926,12633.753,12892.630,13160.811,13438.565,13726.175,14023.940,14332.175,14651.212,14981.403,15323.119,15676.755,16042.727,16421.480,16813.482,17219.234,17639.269,18074.152,18524.488,18990.922,19474.144,19974.889,20493.947,21032.163,21590.442,22169.757,22771.154,23395.756,24044.771,24719.501,25421.347,26151.821,26912.549,27705.288,28531.928,29394.505,30295.210,31236.393,32220.573,33250.436,34328.834,35458.774,36643.394,37885.922,39189.623,40557.694,41993.139,43498.580,45075.996,46726.401,48449.420,50242.811,52101.949,54019.352,55984.396,57983.364,60000.000,60000.000,60000.000,60000.000,60000.000,60000.000,60000.000,60000.000,60000.000,60000.000,60000.000,55877.499,51774.414,47708.217,43692.987,39738.697,35851.157,32032.406,28281.342,24594.386,20966.107,17389.742,13857.603,10361.381,6892.367,3441.605,0.000
0.000,2341.360,4708.720,7126.023,9613.628,12187.774,14861.237,17644.604,20547.641,23580.467,26754.585,30083.945,33586.276,37284.960,41211.546,45408.217,49926.300,54806.338,60000.000,60000.000,60000.000,60000.000,60000.000,60000.000,60000.000,60000.000,60000.000,56954.073,54144.825,51611.246,49324.094,47244.378,45338.925,43582.034,41953.948,40439.164,39025.166,37701.578,36459.599,35291.641,34191.071,33152.043,32169.368,31238.412,30355.029,29515.492,28716.445,27954.860,27227.996,26533.374,25868.743,25232.060,24621.463,24035.258,23471.899,22929.974,22408.189,21905.364,21420.412,20952.339,20500.228,20063.238,19640.593,19231.578,18835.532,18451.846,18079.955,17719.335,17369.503,17030.007,16700.431,16380.384,16069.505,15767.458,15473.927,15188.619,14911.259,14641.591,14379.375,14124.385,13876.411,13635.254,13400.729,13172.661,12950.885,12735.247,12525.602,12321.813,12123.751,11931.294,11744.327,11562.744,11386.441,11215.324,11049.302,10888.290,10732.208,10580.981,10434.538,10292.813,10155.745,10023.275,9895.349,9771.916,9652.930,9538.347,9428.128,9322.235,9220.636,9123.300,9030.200,8941.311,8856.613,8776.087,8699.717,8627.489,8559.395,8495.427,8435.580,8379.852,8328.244,8280.758,8237.400,8198.179,8163.105,8132.192,8105.456,8082.915,8064.590,8050.503,8040.683,8035.156,8033.954,8037.109,8044.659,8056.642,8073.100,8094.074,8119.614,8149.768,8184.586,8224.125,8268.441,8317.595,8371.650,8430.673,8494.731,8563.898,8638.249,8717.863,8802.822,8893.211,8989.120,9090.641,9197.872,9310.913,9429.869,9554.849,9685.968,9823.343,9967.099,10117.363,10274.271,10437.963,10608.583,10786.285,10971.228,11163.578,11363.509,11571.202,11786.847,12010.644,12242.802,12483.539,12733.085,12991.681,13259.582,13537.053,13824.375,14121.846,14429.777,14748.497,15078.355,15419.721,15772.983,16138.555,16516.875,16908.410,17313.653,17733.131,18167.404,18617.069,19082.764,19565.169,20065.011,20583.070,21120.177,21677.228,22255.181,22855.065,23477.988,24125.140,24797.802,25497.354,26225.282,26983.189,27772.801,28595.980,29454.730,30351.209,31287.737,32266.799,33291.055,34363.336,35486.640,36664.114,37899.024,39194.707,40554.493,41981.589,43478.911,45048.851,46692.952,48411.486,50202.922,52063.305,53985.617,55959.259,57969.907,60000.000,60000.000,60000.000,60000.000,60000.000,60000.000,60000.000,60000.000,60000.000,60000.000,60000.000,55854.711,51731.323,47649.127,43623.061,39663.071,35774.346,31958.026,28212.064,24532.040,20911.846,17344.217,13821.126,10334.055,6874.187,3432.531,0.000
0.000,2365.598,4751.932,7178.466,9662.451,12218.562,14859.170,17595.065,20436.376,23393.542,26478.377,29705.413,33093.895,36671.132,40478.489,44582.369,49092.770,54181.318,60000.000,60000.000,60000.000,60000.000,60000.000,60000.000,60000.000,60000.000,60000.000,56453.811,53455.907,50899.761,48658.842,46649.699,44820.369,43137.363,41577.830,40125.231,38766.950,37492.929,36294.868,35165.737,34099.460,33090.713,32134.784,31227.469,30364.999,29543.980,28761.347,28014.323,27300.391,26617.261,25962.851,25335.260,24732.756,24153.753,23596.804,23060.580,22543.864,22045.539,21564.578,21100.036,20651.043,20216.799,19796.562,19389.651,18995.432,18613.322,18242.778,17883.300,17534.419,17195.704,16866.752,16547.186,16236.659,15934.843,15641.435,15356.151,15078.724,14808.906,14546.463,14291.177,14042.844,13801.269,13566.273,13337.685,13115.345,12899.102,12688.815,12484.349,12285.579,12092.386,11904.657,11722.288,11545.178,11373.233,11206.367,11044.493,10887.535,10735.420,10588.076,10445.439,10307.450,10174.050,10045.186,9920.809,9800.872,9685.334,9574.155,9467.299,9364.733,9266.428,9172.358,9082.498,8996.827,8915.329,8837.986,8764.788,8695.725,8630.789,8569.977,8513.286,8460.718,8412.277,8367.968,8327.801,8291.786,8259.937,8232.270,8208.806,8189.563,8174.567,8163.844,8157.422,8155.333,8157.611,8164.292,8175.416,8191.023,8211.158,8235.868,8265.202,8299.213,8337.954,8381.485,8429.865,8483.158,8541.429,8604.749,8673.189,8746.826,8825.738,8910.007,8999.719,9094.962,9195.830,9302.419,9414.830,9533.167,9657.539,9788.060,9924.848,10068.026,10217.721,10374.068,10537.206,10707.279,10884.440,11068.846,11260.662,11460.061,11667.223,11882.336,12105.598,12337.215,12577.406,12826.396,13084.425,13351.744,13628.616,13915.320,14212.148,14519.408,14837.427,15166.546,15507.132,15859.568,16224.261,16601.644,16992.175,17396.340,17814.659,18247.681,18695.994,19160.224,19641.040,20139.155,20655.332,21190.390,21745.205,22320.715,22917.930,23537.933,24181.888,24851.050,25546.767,26270.493,27023.796,27808.365,28626.020,29478.728,30368.604,31297.927,32269.150,33284.905,34348.009,35461.465,36628.460,37852.346,39136.613,40484.835,41900.591,43387.330,44948.174,46585.621,48301.121,50094.474,51963.038,53900.769,55897.249,57937.049,60000.000,60000.000,60000.000,60000.000,60000.000,60000.000,60000.000,60000.000,60000.000,60000.000,60000.000,55810.028,51647.047,47533.919,43487.073,39516.196,35625.146,31813.305,28076.865,24409.879,20805.032,17254.167,13748.639,10279.532,6837.800,3414.333,0.000
0.000,2369.116,4754.971,7173.493,9639.197,12164.910,14761.880,17440.183,20209.337,23079.034,26060.059,29165.528,32412.856,35827.272,39448.995,43350.073,47681.148,52826.189,60000.000,60000.000,60000.000,60000.000,60000.000,60000.000,60000.000,60000.000,60000.000,55405.528,52325.630,49873.575,47762.449,45875.947,44156.325,42570.151,41095.800,39718.091,38425.667,37209.594,36062.564,34978.413,33951.828,32978.149,32053.243,31173.410,30335.316,29535.949,28772.571,28042.694,27344.046,26674.555,26032.326,25415.622,24822.854,24252.562,23703.407,23174.158,22663.682,22170.938,21694.964,21234.875,20789.853,20359.143,19942.046,19537.916,19146.155,18766.208,18397.558,18039.730,17692.277,17354.786,17026.872,16708.176,16398.363,16097.120,15804.156,15519.195,15241.984,14972.281,14709.863,14454.517,14206.046,13964.264,13728.994,13500.074,13277.346,13060.665,12849.893,12644.900,12445.563,12251.767,12063.402,11880.366,11702.561,11529.896,11362.285,11199.645,11041.901,10888.979,10740.813,10597.339,10458.497,10324.231,10194.489,10069.223,9948.388,9831.942,9719.846,9612.067,9508.570,9409.329,9314.316,9223.508,9136.887,9054.433,8976.133,8901.975,8831.949,8766.051,8704.274,8646.619,8593.086,8543.681,8498.409,8457.280,8420.305,8387.499,8358.878,8334.462,8314.272,8298.332,8286.670,8279.313,8276.295,8277.649,8283.413,8293.624,8308.326,8327.563,8351.382,8379.832,8412.966,8450.839,8493.509,8541.036,8593.484,8650.920,8713.412,8781.034,8853.860,8931.970,9015.444,9104.370,9198.835,9298.932,9404.758,9516.412,9633.999,9757.627,9887.409,10023.463,10165.910,10314.877,10470.499,10632.912,10802.260,10978.694,11162.369,11353.451,11552.109,11758.520,11972.873,12195.362,12426.191,12665.575,12913.738,13170.915,13437.354,13713.315,13999.072,14294.912,14601.140,14918.074,15246.054,15585.437,15936.599,16299.941,16675.887,17064.885,17467.413,17883.978,18315.119,18761.409,19223.460,19701.926,20197.502,20710.935,21243.019,21794.609,22366.619,22960.031,23575.897,24215.350,24879.608,25569.983,26287.885,27034.838,27812.484,28622.595,29467.084,30348.017,31267.625,32228.316,33232.688,34283.545,35383.902,36536.999,37746.302,39015.507,40348.517,41749.411,43222.369,44771.539,46400.803,48113.388,49911.217,51793.918,53757.399,55792.056,57881.088,60000.000,60000.000,60000.000,60000.000,60000.000,60000.000,60000.000,60000.000,60000.000,60000.000,60000.000,55738.359,51512.929,47352.443,43275.133,39289.509,35396.758,31593.202,27872.229,24225.598,20644.252,17118.794,13639.739,10197.644,6783.153,3387.001,0.000
0.000,2355.914,4725.372,7121.380,9555.985,12040.065,14583.329,17194.535,19881.845,22653.299,25517.402,28483.896,31564.840,34776.218,38140.255,41687.879,45455.641,49442.340,53333.499,54958.953,55754.877,56181.948,56402.457,56468.985,56372.229,56024.383,55146.095,52843.011,50567.972,48507.034,46642.114,44936.095,43359.713,41892.086,40518.187,39226.811,38009.262,36858.529,35768.770,34734.991,33752.833,32818.431,31928.321,31079.372,30268.740,29493.829,28752.264,28041.868,27360.643,26706.750,26078.498,25474.333,24892.819,24332.635,23792.563,23271.478,22768.340,22282.191,21812.144,21357.377,20917.131,20490.703,20077.441,19676.740,19288.038,18910.813,18544.580,18188.890,17843.319,17507.479,17181.003,16863.551,16554.803,16254.463,15962.250,15677.906,15401.183,15131.854,14869.703,14614.526,14366.134,14124.348,13888.999,13659.928,13436.985,13220.028,13008.926,12803.551,12603.786,12409.518,12220.641,12037.055,11858.666,11685.385,11517.127,11353.814,11195.370,11041.726,10892.815,10748.575,10608.949,10473.881,10343.320,10217.220,10095.537,9978.229,9865.260,9756.595,9652.203,9552.056,9456.128,9364.398,9276.846,9193.454,9114.210,9039.102,8968.122,8901.263,8838.522,8779.899,8725.396,8675.018,8628.770,8586.665,8548.712,8514.927,8485.326,8459.931,8438.762,8421.844,8409.205,8400.874,8396.883,8397.267,8402.063,8411.310,8425.052,8443.331,8466.196,8493.696,8525.886,8562.818,8604.552,8651.148,8702.670,8759.184,8820.760,8887.469,8959.388,9036.595,9119.171,9207.202,9300.776,9399.986,9504.926,9615.698,9732.404,9855.152,9984.054,10119.227,10260.791,10408.874,10563.605,10725.123,10893.569,11069.092,11251.846,11441.993,11639.701,11845.147,12058.513,12279.993,12509.788,12748.108,12995.174,13251.218,13516.483,13791.224,14075.709,14370.222,14675.059,14990.534,15316.978,15654.740,16004.190,16365.716,16739.734,17126.681,17527.021,17941.250,18369.890,18813.501,19272.676,19748.048,20240.295,20750.137,21278.345,21825.747,22393.225,22981.728,23592.274,24225.954,24883.945,25567.509,26278.010,27016.915,27785.809,28586.404,29420.550,30290.249,31197.671,32145.168,33135.293,34170.822,35254.774,36390.436,37581.395,38831.563,40145.209,41526.987,42981.939,44515.473,46133.250,47840.912,49643.502,51544.347,53543.089,55632.632,57795.296,60000.000,60000.000,60000.000,60000.000,60000.000,60000.000,60000.000,60000.000,60000.000,60000.000,60000.000,55630.487,51313.879,47087.808,42971.524,38969.972,35079.197,31290.539,27593.273,23976.050,20427.602,16937.032,13493.893,10088.162,6710.170,3350.522,0.000
0.000,2329.186,4669.258,7030.715,9423.360,11856.107,14336.921,16872.878,19470.315,22135.029,24872.477,27687.941,30586.524,33572.642,36648.061,39805.679,43011.322,46154.141,48932.815,50747.547,51878.724,52570.587,52959.038,53101.413,52995.736,52579.444,51717.307,50252.877,48596.745,46945.111,45363.612,43867.437,42455.267,41121.305,39859.149,38662.889,37527.310,36447.836,35420.422,34441.453,33507.662,32616.075,31763.963,30948.815,30168.309,29420.297,28702.790,28013.941,27352.039,26715.498,26102.843,25512.710,24943.833,24395.035,23865.228,23353.401,22858.617,22380.004,21916.757,21468.124,21033.410,20611.967,20203.193,19806.529,19421.454,19047.483,18684.163,18331.074,17987.821,17654.038,17329.382,17013.530,16706.184,16407.062,16115.900,15832.450,15556.481,15287.774,15026.125,14771.339,14523.236,14281.644,14046.402,13817.358,13594.367,13377.294,13166.012,12960.398,12760.339,12565.727,12376.458,12192.436,12013.571,11839.776,11670.969,11507.073,11348.016,11193.729,11044.150,10899.216,10758.871,10623.063,10491.742,10364.862,10242.380,10124.257,10010.455,9900.944,9795.690,9694.668,9597.852,9505.223,9416.760,9332.447,9252.272,9176.224,9104.295,9036.479,8972.774,8913.181,8857.701,8806.339,8759.104,8716.004,8677.054,8642.267,8611.662,8585.259,8563.080,8545.150,8531.497,8522.151,8517.144,8516.510,8520.289,8528.519,8541.242,8558.505,8580.354,8606.840,8638.015,8673.934,8714.657,8760.243,8810.756,8866.262,8926.832,8992.537,9063.452,9139.655,9221.228,9308.256,9400.827,9499.032,9602.967,9712.730,9828.425,9950.158,10078.040,10212.186,10352.717,10499.757,10653.436,10813.889,10981.257,11155.686,11337.328,11526.343,11722.896,11927.161,12139.318,12359.556,12588.073,12825.076,13070.780,13325.414,13589.214,13862.431,14145.326,14438.176,14741.272,15054.919,15379.439,15715.172,16062.477,16421.734,16793.344,17177.732,17575.349,17986.672,18412.210,18852.501,19308.119,19779.676,20267.823,20773.255,21296.713,21838.992,22400.940,22983.465,23587.545,24214.225,24864.629,25539.968,26241.543,26970.759,27729.132,28518.301,29340.041,30196.276,31089.099,32020.786,32993.825,34010.943,35075.134,36189.709,37358.340,38585.129,39874.687,41232.230,42663.693,44175.851,45776.416,47474.028,49277.966,51197.220,53238.225,55400.239,57667.513,60000.000,60000.000,60000.000,60000.000,60000.000,60000.000,60000.000,60000.000,60000.000,60000.000,60000.000,55469.719,51024.307,46713.408,42553.208,38539.686,34659.545,30896.511,27234.301,23657.753,20153.096,16707.859,13310.654,9950.949,6618.852,3304.920,0.000
0.000,2291.594,4591.797,6908.913,9250.698,11624.162,14035.463,16489.846,18991.628,21544.154,24149.675,26809.018,29520.829,32279.928,35073.838,37875.621,40629.997,43230.259,45496.247,47219.879,48442.080,49262.849,49761.925,49982.155,49930.156,49580.703,48891.240,47854.957,46621.624,45313.750,44000.576,42715.653,41473.583,40279.775,39135.357,38039.509,36990.556,35986.467,35025.092,34104.275,33221.901,32375.930,31564.402,30785.446,30037.283,29318.230,28626.692,27961.168,27320.243,26702.589,26106.959,25532.187,24977.180,24440.917,23922.444,23420.871,22935.365,22465.152,22009.508,21567.758,21139.273,20723.467,20319.790,19927.733,19546.818,19176.598,18816.657,18466.607,18126.081,17794.741,17472.265,17158.356,16852.732,16555.129,16265.301,15983.014,15708.051,15440.205,15179.283,14925.102,14677.489,14436.283,14201.329,13972.482,13749.606,13532.571,13321.254,13115.540,12915.318,12720.485,12530.942,12346.597,12167.361,11993.151,11823.889,11659.499,11499.913,11345.064,11194.890,11049.331,10908.334,10771.848,10639.823,10512.215,10388.983,10270.089,10155.497,10045.175,9939.093,9837.225,9739.549,9646.043,9556.688,9471.470,9390.376,9313.397,9240.525,9171.755,9107.086,9046.517,8990.053,8937.698,8889.460,8845.351,8805.384,8769.573,8737.938,8710.498,8687.277,8668.299,8653.594,8643.191,8637.123,8635.425,8638.136,8645.295,8656.945,8673.131,8693.901,8719.306,8749.398,8784.232,8823.867,8868.364,8917.786,8972.199,9031.673,9096.280,9166.094,9241.194,9321.660,9407.577,9499.032,9596.117,9698.925,9807.555,9922.109,10042.692,10169.414,10302.390,10441.737,10587.579,10740.044,10899.265,11065.380,11238.535,11418.877,11606.565,11801.760,12004.632,12215.359,12434.126,12661.126,12896.561,13140.643,13393.593,13655.643,13927.037,14208.031,14498.892,14799.902,15111.360,15433.576,15766.881,16111.622,16468.166,16836.901,17218.237,17612.608,18020.475,18442.325,18878.678,19330.082,19797.125,20280.430,20780.660,21298.525,21834.782,22390.238,22965.761,23562.275,24180.777,24822.331,25488.085,26179.274,26897.228,27643.383,28419.294,29226.644,30067.262,30943.145,31856.471,32809.635,33805.279,34846.334,35936.080,37078.212,38276.942,39537.123,40864.420,42265.541,43748.533,45323.163,47001.357,48797.566,50728.703,52812.614,55062.745,57474.574,60000.000,60000.000,60000.000,60000.000,60000.000,60000.000,60000.000,60000.000,60000.000,60000.000,60000.000,55224.097,50600.240,46188.336,41988.245,37976.050,34122.818,30401.694,26789.698,23267.592,19819.196,16430.674,13089.932,9786.143,6509.376,3250.309,0.000
0.000,2245.419,4497.463,6762.502,9046.429,11354.471,13691.026,16059.536,18462.331,20900.432,23373.212,25877.799,28408.027,30952.597,33491.942,35993.179,38403.002,40640.872,42602.269,44193.888,45407.132,46277.093,46843.976,47135.474,47162.423,46922.420,46412.505,45654.682,44721.716,43688.451,42610.135,41521.948,40444.654,39389.956,38364.176,37370.500,36410.283,35483.806,34590.705,33730.227,32901.388,32103.066,31334.063,30593.147,29879.084,29190.650,28526.652,27885.932,27267.376,26669.919,26092.545,25534.288,24994.233,24471.518,23965.328,23474.895,22999.500,22538.464,22091.152,21656.967,21235.351,20825.780,20427.762,20040.837,19664.574,19298.568,18942.442,18595.839,18258.425,17929.888,17609.935,17298.287,16994.687,16698.890,16410.665,16129.796,15856.079,15589.322,15329.343,15075.970,14829.041,14588.404,14353.911,14125.428,13902.823,13685.974,13474.764,13269.082,13068.825,12873.892,12684.189,12499.628,12320.125,12145.598,11975.972,11811.176,11651.142,11495.807,11345.111,11198.997,11057.411,10920.305,10787.632,10659.348,10535.414,10415.792,10300.449,10189.353,10082.476,9979.792,9881.280,9786.919,9696.691,9610.583,9528.583,9450.681,9376.871,9307.149,9241.513,9179.965,9122.509,9069.149,9019.896,8974.761,8933.756,8896.898,8864.205,8835.699,8811.403,8791.343,8775.547,8764.045,8756.872,8754.062,8755.654,8761.688,8772.207,8787.257,8806.885,8831.143,8860.082,8893.758,8932.230,8975.559,9023.807,9077.041,9135.330,9198.746,9267.363,9341.259,9420.514,9505.212,9595.440,9691.288,9792.850,9900.222,10013.506,10132.806,10258.230,10389.891,10527.906,10672.396,10823.487,10981.311,11146.002,11317.703,11496.560,11682.727,11876.364,12077.636,12286.716,12503.786,12729.034,12962.656,13204.860,13455.860,13715.882,13985.161,14263.947,14552.499,14851.089,15160.005,15479.549,15810.038,16151.806,16505.208,16870.615,17248.421,17639.043,18042.921,18460.521,18892.338,19338.897,19800.754,20278.503,20772.775,21284.241,21813.616,22361.665,22929.204,23517.107,24126.308,24757.811,25412.692,26092.108,26797.306,27529.631,28290.540,29081.609,29904.557,30761.257,31653.765,32584.348,33555.520,34570.094,35631.245,36742.597,37908.344,39133.408,40423.679,41786.332,43230.309,44766.999,46411.238,48182.716,50107.791,52221.064,54563.729,57168.099,60000.000,60000.000,60000.000,60000.000,60000.000,60000.000,60000.000,60000.000,60000.000,60000.000,60000.000,54826.446,49964.248,45451.486,41235.424,37253.491,33454.025,29797.786,26255.243,22803.756,19425.451,16105.733,12832.279,9594.331,6382.208,3186.943,0.000
0.000,2192.645,4390.180,6597.266,8818.128,11056.363,13314.753,15595.073,17897.876,20222.196,22565.122,24921.133,27281.091,29630.713,31948.389,34202.396,36348.221,38328.233,40078.359,41546.581,42715.801,43594.776,44201.802,44553.775,44662.118,44534.580,44182.276,43630.214,42922.851,42109.025,41230.469,40318.334,39394.192,38472.365,37562.119,36669.336,35797.655,34949.231,34125.230,33326.153,32552.045,31802.641,31077.465,30375.897,29697.224,29040.672,28405.437,27790.701,27195.646,26619.466,26061.375,25520.608,24996.430,24488.136,23995.054,23516.541,23051.990,22600.822,22162.492,21736.485,21322.313,20919.519,20527.669,20146.357,19775.198,19413.833,19061.921,18719.144,18385.198,18059.802,17742.687,17433.602,17132.310,16838.586,16552.218,16273.007,16000.765,15735.312,15476.481,15224.110,14978.050,14738.155,14504.291,14276.329,14054.146,13837.625,13626.658,13421.138,13220.967,13026.051,12836.299,12651.627,12471.955,12297.205,12127.305,11962.187,11801.786,11646.041,11494.893,11348.289,11206.177,11068.510,10935.242,10806.333,10681.743,10561.436,10445.381,10333.546,10225.906,10122.434,10023.111,9927.915,9836.833,9749.849,9666.953,9588.136,9513.393,9442.720,9376.116,9313.584,9255.126,9200.751,9150.468,9104.288,9062.225,9024.296,8990.519,8960.917,8935.513,8914.334,8897.408,8884.766,8876.442,8872.472,8872.894,8877.749,8887.081,8900.933,8919.356,8942.399,8970.116,9002.562,9039.795,9081.876,9128.868,9180.837,9237.852,9299.984,9367.308,9439.900,9517.840,9601.212,9690.101,9784.598,9884.794,9990.785,10102.671,10220.555,10344.545,10474.749,10611.285,10754.270,10903.830,11060.092,11223.189,11393.261,11570.451,11754.908,11946.790,12146.256,12353.477,12568.629,12791.894,13023.464,13263.540,13512.329,13770.050,14036.931,14313.212,14599.143,14894.987,15201.022,15517.535,15844.832,16183.234,16533.079,16894.722,17268.539,17654.927,18054.304,18467.114,18893.824,19334.932,19790.964,20262.479,20750.071,21254.370,21776.049,22315.822,22874.453,23452.755,24051.601,24671.921,25314.715,25981.054,26672.093,27389.076,28133.344,28906.357,29709.697,30545.097,31414.458,32319.880,33263.703,34248.554,35277.417,36353.727,37481.494,38665.482,39911.474,41226.643,42620.137,44103.968,45694.473,47414.773,49299.088,51400.430,53803.201,56634.164,60000.000,60000.000,60000.000,60000.000,60000.000,60000.000,60000.000,60000.000,60000.000,60000.000,60000.000,54117.463,48978.855,44417.977,40248.520,36348.515,32642.054,29080.230,25629.775,22266.779,18973.153,15734.559,12539.142,9376.711,6238.195,3115.257,0.000
0.000,2135.010,4273.397,6418.322,8572.543,10738.211,12916.676,15108.273,17312.067,19525.539,21744.147,23960.738,26164.726,28341.027,30468.773,32520.082,34459.554,36245.802,37836.697,39198.642,40315.111,41184.831,41815.145,42216.207,42398.247,42372.113,42152.470,41761.783,41231.253,40595.207,39885.338,39127.762,38342.531,37544.382,36743.868,35948.417,35163.193,34391.731,33636.407,32898.758,32179.718,31479.781,30799.123,30137.687,29495.245,28871.448,28265.862,27677.993,27107.310,26553.258,26015.275,25492.795,24985.259,24492.121,24012.846,23546.920,23093.845,22653.146,22224.369,21807.079,21400.863,21005.329,20620.104,20244.837,19879.192,19522.854,19175.523,18836.916,18506.767,18184.821,17870.838,17564.594,17265.873,16974.472,16690.199,16412.871,16142.317,15878.372,15620.881,15369.697,15124.679,14885.695,14652.618,14425.327,14203.709,13987.653,13777.058,13571.824,13371.858,13177.070,12987.375,12802.694,12622.949,12448.067,12277.980,12112.622,11951.931,11795.848,11644.318,11497.288,11354.711,11216.539,11082.730,10953.243,10828.043,10707.093,10590.364,10477.825,10369.451,10265.218,10165.107,10069.099,9977.178,9889.332,9805.550,9725.826,9650.153,9578.530,9510.955,9447.432,9387.966,9332.563,9281.234,9233.991,9190.849,9151.824,9116.936,9086.207,9059.662,9037.328,9019.232,9005.408,8995.888,8990.709,8989.909,8993.531,9001.616,9014.212,9031.366,9053.128,9079.552,9110.694,9146.612,9187.366,9233.019,9283.638,9339.289,9400.046,9465.980,9537.169,9613.691,9695.631,9783.071,9876.102,9974.813,10079.301,10189.663,10306.000,10428.418,10557.026,10691.937,10833.268,10981.141,11135.680,11297.017,11465.286,11640.628,11823.191,12013.123,12210.585,12415.738,12628.755,12849.813,13079.097,13316.801,13563.125,13818.280,14082.487,14355.975,14638.984,14931.768,15234.591,15547.729,15871.473,16206.129,16552.018,16909.479,17278.867,17660.557,18054.946,18462.449,18883.510,19318.593,19768.193,20232.831,20713.062,21209.474,21722.689,22253.372,22802.227,23370.006,23957.509,24565.592,25195.171,25847.224,26522.803,27223.039,27949.152,28702.463,29484.404,30296.541,31140.590,32018.448,32932.227,33884.303,34877.379,35914.568,36999.517,38136.576,39331.038,40589.502,41920.420,43334.974,44848.542,46483.352,48273.803,50278.708,52614.703,55565.447,60000.000,60000.000,60000.000,60000.000,60000.000,60000.000,60000.000,60000.000,60000.000,60000.000,60000.000,52664.587,47415.782,42993.102,38992.225,35250.055,31685.505,28251.359,24916.900,21660.479,18465.864,15320.243,12213.045,9135.195,6078.617,3035.893,0.000
0.000,2074.030,4150.129,6230.160,8315.607,10407.378,12505.607,14609.435,16716.764,18823.946,20925.411,23013.186,25076.311,27100.178,29065.895,30949.927,32724.457,34359.093,35824.377,37096.600,38161.620,39014.780,39658.265,40098.233,40343.166,40403.828,40294.441,40033.991,39646.036,39156.151,38588.924,37965.931,37304.947,36620.002,35921.867,35218.661,34516.430,33819.632,33131.521,32454.439,31790.044,31139.470,30503.459,29882.451,29276.658,28686.119,28110.741,27550.337,27004.643,26473.347,25956.100,25452.527,24962.243,24484.852,24019.959,23567.172,23126.107,22696.389,22277.653,21869.546,21471.730,21083.880,20705.684,20336.845,19977.078,19626.113,19283.692,18949.570,18623.513,18305.299,17994.718,17691.569,17395.662,17106.816,16824.857,16549.622,16280.955,16018.708,15762.739,15512.914,15269.104,15031.187,14799.045,14572.569,14351.652,14136.192,13926.093,13721.263,13521.614,13327.062,13137.528,12952.934,12773.209,12598.284,12428.093,12262.574,12101.667,11945.317,11793.471,11646.079,11503.094,11364.473,11230.174,11100.158,10974.390,10852.838,10735.470,10622.260,10513.183,10408.216,10307.340,10210.538,10117.795,10029.099,9944.442,9863.816,9787.217,9714.643,9646.095,9581.575,9521.090,9464.646,9412.256,9363.931,9319.688,9279.542,9243.515,9211.629,9183.909,9160.381,9141.076,9126.026,9115.264,9108.827,9106.755,9109.087,9115.869,9127.147,9142.967,9163.382,9188.444,9218.209,9252.736,9292.083,9336.315,9385.497,9439.697,9498.985,9563.434,9633.121,9708.124,9788.524,9874.406,9965.857,10062.967,10165.830,10274.542,10389.202,10509.916,10636.789,10769.932,10909.461,11055.492,11208.150,11367.562,11533.859,11707.179,11887.663,12075.459,12270.719,12473.602,12684.274,12902.906,13129.675,13364.770,13608.383,13860.717,14121.982,14392.398,14672.196,14961.616,15260.910,15570.341,15890.185,16220.732,16562.286,16915.164,17279.704,17656.256,18045.193,18446.904,18861.801,19290.318,19732.915,20190.074,20662.307,21150.157,21654.195,22175.029,22713.304,23269.704,23844.956,24439.833,25055.160,25691.818,26350.748,27032.960,27739.538,28471.652,29230.568,30017.662,30834.439,31682.556,32563.852,33480.386,34434.491,35428.842,36466.556,37551.320,38687.581,39880.810,41137.893,42467.713,43882.032,45396.866,47034.549,48826.282,50811.729,53013.054,55255.201,56132.556,56510.079,56662.854,56686.725,56613.558,56444.224,56152.779,55669.418,54820.042,53129.022,49125.164,45026.649,41146.498,37477.296,33974.047,30598.622,27322.869,24126.048,20992.427,17909.627,14867.544,11857.634,8872.429,5905.198,2949.702,0.000
0.000,2011.018,4022.986,6036.663,8052.451,10070.215,12089.089,14107.273,16121.803,18128.289,20120.607,22090.549,24027.441,25917.789,27745.038,29489.632,31129.637,32642.147,34005.559,35202.234,36220.494,37054.948,37705.486,38175.923,38473.038,38606.327,38588.268,38434.561,38163.670,37795.428,37349.335,36843.224,36292.532,35710.093,35106.291,34489.357,33865.736,33240.423,32617.253,31999.155,31388.340,30786.460,30194.725,29614.003,29044.888,28487.765,27942.852,27410.239,26889.913,26381.786,25885.711,25401.496,24928.917,24467.728,24017.667,23578.463,23149.840,22731.522,22323.233,21924.703,21535.665,21155.862,20785.043,20422.965,20069.396,19724.109,19386.890,19057.530,18735.832,18421.605,18114.668,17814.847,17521.975,17235.894,16956.451,16683.502,16416.907,16156.534,15902.256,15653.950,15411.502,15174.799,14943.735,14718.208,14498.121,14283.380,14073.895,13869.582,13670.358,13476.145,13286.868,13102.456,12922.840,12747.956,12577.742,12412.137,12251.087,12094.539,11942.441,11794.748,11651.413,11512.395,11377.655,11247.156,11120.864,10998.747,10880.777,10766.928,10657.176,10551.499,10449.880,10352.303,10258.753,10169.221,10083.696,10002.174,9924.651,9851.126,9781.600,9716.076,9654.561,9597.065,9543.596,9494.171,9448.803,9407.512,9370.317,9337.241,9308.311,9283.554,9262.999,9246.679,9234.629,9226.885,9223.487,9224.476,9229.896,9239.793,9254.217,9273.217,9296.847,9325.162,9358.220,9396.083,9438.811,9486.471,9539.130,9596.858,9659.728,9727.814,9801.195,9879.951,9964.165,10053.924,10149.317,10250.435,10357.373,10470.230,10589.106,10714.108,10845.342,10982.922,11126.963,11277.584,11434.910,11599.069,11770.194,11948.422,12133.897,12326.764,12527.180,12735.301,12951.293,13175.328,13407.585,13648.249,13897.513,14155.579,14422.655,14698.962,14984.727,15280.189,15585.596,15901.210,16227.302,16564.157,16912.075,17271.370,17642.369,18025.417,18420.877,18829.129,19250.575,19685.635,20134.754,20598.399,21077.062,21571.264,22081.554,22608.512,23152.751,23714.923,24295.713,24895.852,25516.117,26157.332,26820.376,27506.190,28215.782,28950.234,29710.718,30498.504,31314.978,32161.665,33040.258,33952.648,34900.978,35887.699,36915.651,37988.167,39109.201,40283.492,41516.735,42815.709,44188.153,45641.781,47180.585,48793.227,50420.100,51875.395,52765.108,53245.046,53454.734,53470.595,53323.380,53010.649,52497.558,51704.928,50481.809,48570.963,45680.486,42419.246,39089.037,35796.504,32570.304,29412.150,26315.522,23272.066,20273.615,17312.727,14382.717,11477.552,8591.713,5720.061,2857.723,0.000
0.000,1947.094,3894.197,5841.142,7787.433,9732.080,11673.423,13608.951,15535.099,17447.039,19338.444,21201.249,23025.429,24798.841,26507.200,28134.321,29662.733,31074.752,32353.963,33486.802,34463.731,35279.626,35933.449,36427.620,36767.472,36960.965,37018.592,36953.223,36779.630,36513.597,36170.874,35766.281,35313.114,34822.872,34305.241,33768.209,33218.278,32660.682,32099.598,31538.344,30979.530,30425.202,29876.947,29335.982,28803.229,28279.372,27764.901,27260.156,26765.351,26280.604,25805.955,25341.382,24886.816,24442.151,24007.252,23581.965,23166.118,22759.531,22362.015,21973.380,21593.431,21221.978,20858.829,20503.797,20156.698,19817.353,19485.589,19161.236,18844.132,18534.117,18231.040,17934.753,17645.116,17361.992,17085.249,16814.761,16550.408,16292.071,16039.638,15793.002,15552.059,15316.708,15086.853,14862.402,14643.266,14429.360,14220.601,14016.912,13818.215,13624.439,13435.513,13251.372,13071.950,12897.188,12727.027,12561.411,12400.288,12243.607,12091.321,11943.384,11799.754,11660.391,11525.258,11394.320,11267.544,11144.901,11026.362,10911.905,10801.505,10695.144,10592.803,10494.468,10400.126,10309.767,10223.384,10140.970,10062.525,9988.047,9917.538,9851.003,9788.448,9729.883,9675.320,9624.773,9578.259,9535.795,9497.403,9463.107,9432.932,9406.906,9385.061,9367.427,9354.042,9344.941,9340.164,9339.754,9343.754,9352.210,9365.172,9382.690,9404.817,9431.610,9463.125,9499.422,9540.565,9586.618,9637.648,9693.724,9754.919,9821.307,9892.965,9969.973,10052.412,10140.368,10233.928,10333.183,10438.225,10549.151,10666.060,10789.056,10918.243,11053.731,11195.633,11344.066,11499.149,11661.007,11829.769,12005.568,12188.541,12378.831,12576.586,12781.958,12995.105,13216.192,13445.390,13682.875,13928.831,14183.451,14446.931,14719.479,15001.311,15292.651,15593.733,15904.802,16226.111,16557.927,16900.528,17254.203,17619.258,17996.010,18384.792,18785.952,19199.857,19626.889,20067.450,20521.962,20990.867,21474.632,21973.745,22488.719,23020.096,23568.444,24134.362,24718.482,25321.471,25944.033,26586.910,27250.893,27936.819,28645.576,29378.118,30135.462,30918.704,31729.028,32567.720,33436.188,34335.978,35268.797,36236.534,37241.278,38285.307,39371.037,40500.851,41676.662,42898.924,44164.422,45461.557,46760.923,47999.079,49061.466,49807.687,50250.483,50440.635,50417.717,50198.878,49777.580,49122.014,48171.055,46831.425,44992.655,42606.691,39880.927,36994.015,34049.489,31098.621,28164.247,25255.094,22373.159,19517.313,16685.009,13873.095,11078.185,8296.840,5525.625,2761.136,0.000
0.000,1883.201,3765.634,5646.369,7524.179,9397.396,11263.748,13120.210,14962.832,16786.580,18585.163,20350.884,22074.526,23745.312,25350.996,26878.147,28312.680,29640.656,30849.267,31927.841,32868.604,33667.022,34321.753,34834.372,35209.052,35452.313,35572.810,35581.071,35489.055,35309.544,35055.439,34739.137,34372.063,33964.408,33525.027,33061.467,32580.064,32086.077,31583.836,31076.883,30568.095,30059.802,29553.877,29051.817,28554.811,28063.794,27579.494,27102.467,26633.130,26171.786,25718.647,25273.847,24837.462,24409.515,23989.993,23578.850,23176.017,22781.405,22394.909,22016.416,21645.802,21282.941,20927.700,20579.947,20239.546,19906.366,19580.273,19261.136,18948.827,18643.221,18344.193,18051.625,17765.400,17485.403,17211.524,16943.657,16681.697,16425.544,16175.100,15930.271,15690.964,15457.092,15228.569,15005.312,14787.241,14574.279,14366.352,14163.386,13965.313,13772.067,13583.581,13399.796,13220.650,13046.088,12876.055,12710.498,12549.368,12392.618,12240.202,12092.078,11948.206,11808.548,11673.068,11541.733,11414.513,11291.380,11172.307,11057.270,10946.250,10839.226,10736.183,10637.107,10541.986,10450.811,10363.576,10280.275,10200.908,10125.475,10053.978,9986.422,9922.816,9863.169,9807.494,9755.805,9708.119,9664.457,9624.838,9589.288,9557.833,9530.501,9507.323,9488.332,9473.563,9463.055,9456.848,9454.982,9457.503,9464.457,9475.893,9491.861,9512.416,9537.612,9567.507,9602.161,9641.637,9685.998,9735.311,9789.645,9849.071,9913.664,9983.499,10058.654,10139.212,10225.255,10316.868,10414.142,10517.168,10626.039,10740.853,10861.711,10988.714,11121.971,11261.590,11407.684,11560.370,11719.769,11886.005,12059.205,12239.503,12427.036,12621.944,12824.374,13034.477,13252.411,13478.337,13712.423,13954.843,14205.779,14465.417,14733.953,15011.587,15298.531,15595.003,15901.230,16217.448,16543.902,16880.851,17228.560,17587.307,17957.384,18339.092,18732.746,19138.678,19557.231,19988.763,20433.649,20892.281,21365.068,21852.437,22354.833,22872.724,23406.594,23956.953,24524.332,25109.285,25712.391,26334.255,26975.510,27636.818,28318.870,29022.389,29748.133,30496.895,31269.504,32066.824,32889.758,33739.234,34616.193,35521.560,36456.182,37420.718,38415.435,39439.831,40491.952,41567.175,42656.067,43740.866,44790.323,45754.255,46564.080,47154.021,47508.860,47639.870,47560.998,47277.052,46778.982,46042.048,45026.028,43680.346,41961.701,39872.844,37503.902,34956.744,32308.946,29610.564,26891.237,24167.548,21448.256,18737.550,16036.972,13346.523,10665.300,7991.870,5324.482,2661.204,0.000
0.000,1820.120,3638.840,5454.618,7265.649,9069.734,10864.151,12645.523,14409.684,16151.559,17865.046,19542.930,21176.841,22757.279,24273.752,25715.050,27069.679,28326.452,29475.172,30507.297,31416.468,32198.793,32852.906,33379.848,33782.888,34067.315,34240.215,34310.202,34287.046,34181.219,34003.404,33764.032,33472.930,33139.074,32770.468,32374.115,31956.049,31521.412,31074.543,30619.082,30158.061,29693.999,29228.975,28764.698,28302.571,27843.734,27389.113,26939.452,26495.344,26057.257,25625.555,25200.516,24782.346,24371.192,23967.150,23570.281,23180.608,22798.130,22422.824,22054.649,21693.551,21339.466,20992.318,20652.027,20318.509,19991.673,19671.428,19357.682,19050.340,18749.309,18454.494,18165.803,17883.143,17606.424,17335.556,17070.450,16811.022,16557.185,16308.859,16065.961,15828.412,15596.136,15369.058,15147.104,14930.204,14718.288,14511.289,14309.143,14111.785,13919.156,13731.195,13547.846,13369.053,13194.765,13024.930,12859.500,12698.428,12541.669,12389.181,12240.924,12096.861,11956.955,11821.173,11689.484,11561.857,11438.268,11318.691,11203.105,11091.489,10983.825,10880.099,10780.298,10684.410,10592.429,10504.348,10420.164,10339.875,10263.483,10190.992,10122.407,10057.736,9996.992,9940.186,9887.333,9838.453,9793.564,9752.689,9715.851,9683.079,9654.402,9629.849,9609.456,9593.258,9581.292,9573.600,9570.223,9571.205,9576.595,9586.440,9600.791,9619.703,9643.230,9671.430,9704.361,9742.087,9784.672,9832.181,9884.682,9942.247,10004.948,10072.860,10146.061,10224.631,10308.651,10398.207,10493.385,10594.276,10700.970,10813.563,10932.153,11056.840,11187.727,11324.921,11468.531,11618.671,11775.456,11939.006,12109.445,12286.899,12471.499,12663.381,12862.684,13069.552,13284.135,13506.585,13737.061,13975.727,14222.754,14478.317,14742.598,15015.785,15298.074,15589.667,15890.773,16201.610,16522.404,16853.389,17194.808,17546.913,17909.965,18284.236,18670.008,19067.575,19477.240,19899.318,20334.136,20782.035,21243.365,21718.491,22207.791,22711.654,23230.484,23764.698,24314.724,24881.003,25463.991,26064.150,26681.958,27317.897,27972.458,28646.136,29339.426,30052.816,30786.779,31541.762,32318.168,33116.322,33936.430,34778.512,35642.284,36526.993,37431.129,38351.989,39284.975,40222.518,41152.497,42056.142,42905.808,43664.040,44287.022,44735.856,44991.425,45049.314,44909.653,44569.626,44019.499,43241.405,42210.880,40902.436,39301.150,37419.266,35305.263,33020.276,30619.136,28143.592,25622.716,23075.721,20514.869,17947.750,15378.884,12810.789,10244.672,7680.892,5119.251,2559.205,0.000
0.000,1758.481,3515.064,5267.722,7014.200,8751.906,10477.796,12188.274,13879.082,15545.217,17180.855,18779.305,20333.016,21833.631,23272.138,24639.110,25925.058,27120.865,28218.274,29210.351,30091.863,30859.510,31512.008,32050.055,32476.219,32794.779,33011.528,33133.530,33168.821,33126.061,33014.166,32841.968,32617.928,32349.934,32045.169,31710.056,31350.257,30970.698,30575.632,30168.698,29752.997,29331.155,28905.389,28477.563,28049.239,27621.724,27196.103,26773.279,26353.996,25938.865,25528.386,25122.963,24722.923,24328.523,23939.964,23557.400,23180.945,22810.681,22446.660,22088.913,21737.450,21392.267,21053.344,20720.652,20394.153,20073.801,19759.546,19451.330,19149.094,18852.776,18562.309,18277.629,17998.667,17725.355,17457.624,17195.404,16938.628,16687.227,16441.134,16200.279,15964.598,15734.025,15508.495,15287.946,15072.314,14861.539,14655.561,14454.321,14257.764,14065.834,13878.477,13695.641,13517.276,13343.332,13173.763,13008.524,12847.570,12690.860,12538.356,12390.019,12245.813,12105.705,11969.664,11837.659,11709.663,11585.652,11465.602,11349.493,11237.305,11129.022,11024.630,10924.119,10827.476,10734.697,10645.776,10560.710,10479.499,10402.145,10328.652,10259.028,10193.281,10131.422,10073.466,10019.429,9969.328,9923.185,9881.022,9842.864,9808.739,9778.676,9752.706,9730.866,9713.189,9699.715,9690.484,9685.539,9684.924,9688.687,9696.877,9709.544,9726.742,9748.526,9774.954,9806.085,9841.980,9882.704,9928.321,9978.901,10034.511,10095.225,10161.116,10232.261,10308.739,10390.630,10478.017,10570.986,10669.624,10774.021,10884.269,11000.464,11122.704,11251.088,11385.719,11526.704,11674.152,11828.173,11988.883,12156.401,12330.847,12512.347,12701.030,12897.028,13100.478,13311.519,13530.298,13756.963,13991.668,14234.572,14485.839,14745.637,15014.142,15291.532,15577.994,15873.721,16178.909,16493.764,16818.498,17153.330,17498.484,17854.193,18220.698,18598.247,18987.096,19387.508,19799.756,20224.116,20660.878,21110.335,21572.788,22048.548,22537.926,23041.245,23558.828,24091.003,24638.099,25200.445,25778.367,26372.183,26982.203,27608.718,28252.000,28912.285,29589.766,30284.574,30996.756,31726.242,32472.802,33235.976,34014.987,34808.598,35614.919,36431.110,37252.965,38074.318,38886.233,39676.004,40426.077,41113.342,41709.635,42184.620,42511.418,42672.094,42656.693,42459.026,42072.626,41488.284,40693.473,39673.911,38417.613,36921.424,35198.022,33277.805,31200.145,29003.902,26722.109,24380.459,21997.882,19587.864,17159.796,14720.112,12273.145,9821.762,7367.813,4912.451,2456.373,0.000
0.000,1698.789,3395.294,5087.117,6771.667,8446.069,10107.064,11750.936,13373.428,14969.680,16534.190,18060.795,19542.696,20972.536,22342.538,23644.713,24871.135,26014.272,27067.343,28024.648,28881.847,29636.146,30286.380,30833.015,31278.077,31625.032,31878.622,32044.662,32129.803,32141.255,32086.514,31973.092,31808.295,31599.046,31351.765,31072.303,30765.910,30437.248,30090.411,29728.974,29356.033,28974.262,28585.958,28193.087,27797.328,27400.113,27002.657,26605.990,26210.984,25818.373,25428.774,25042.705,24660.598,24282.810,23909.637,23541.323,23178.063,22820.016,22467.307,22120.031,21778.262,21442.051,21111.434,20786.429,20467.045,20153.278,19845.115,19542.535,19245.514,18954.017,18668.009,18387.450,18112.295,17842.499,17578.012,17318.786,17064.768,16815.906,16572.147,16333.437,16099.722,15870.948,15647.061,15428.006,15213.732,15004.185,14799.312,14599.063,14403.387,14212.233,14025.555,13843.304,13665.435,13491.902,13322.663,13157.675,12996.899,12840.295,12687.827,12539.459,12395.158,12254.892,12118.632,11986.350,11858.020,11733.619,11613.125,11496.518,11383.781,11274.899,11169.859,11068.651,10971.265,10877.695,10787.938,10701.991,10619.856,10541.536,10467.034,10396.359,10329.522,10266.533,10207.408,10152.162,10100.816,10053.390,10009.907,9970.394,9934.878,9903.390,9875.962,9852.627,9833.423,9818.389,9807.566,9800.996,9798.725,9800.798,9807.267,9818.182,9833.597,9853.566,9878.146,9907.398,9941.381,9980.160,10023.800,10072.367,10125.931,10184.563,10248.336,10317.325,10391.608,10471.263,10556.373,10647.020,10743.291,10845.272,10953.055,11066.732,11186.396,11312.146,11444.080,11582.302,11726.915,11878.027,12035.748,12200.191,12371.472,12549.711,12735.028,12927.550,13127.405,13334.726,13549.647,13772.310,14002.857,14241.436,14488.199,14743.300,15006.901,15279.166,15560.264,15850.369,16149.660,16458.322,16776.542,17104.515,17442.439,17790.519,18148.963,18517.985,18897.804,19288.643,19690.729,20104.295,20529.574,20966.803,21416.223,21878.073,22352.593,22840.021,23340.591,23854.529,24382.056,24923.378,25478.684,26048.141,26631.889,27230.030,27842.616,28469.642,29111.020,29766.563,30435.950,31118.685,31814.044,32520.998,33238.108,33963.385,34694.091,35426.477,36155.428,36874.015,37572.947,38239.999,38859.548,39412.519,39877.156,40230.969,40453.620,40529.315,40446.776,40197.535,39773.945,39167.884,38370.615,37373.978,36172.962,34769.171,33173.833,31408.017,29498.805,27474.412,25360.661,23179.288,20947.628,18679.036,16383.572,14068.716,11739.995,9401.480,7056.190,4706.392,2353.847,0.000
0.000,1641.431,3280.288,4913.901,6539.436,8153.822,9753.674,11335.231,12894.299,14426.208,15925.789,17387.382,18804.867,20171.747,21481.272,22726.613,23901.079,24998.372,26012.848,26939.765,27775.492,28517.653,29165.206,29718.456,30179.005,30549.668,30834.339,31037.828,31165.668,31223.900,31218.863,31156.976,31044.563,30887.705,30692.128,30463.131,30205.552,29923.758,29621.646,29302.675,28969.890,28625.962,28273.219,27913.690,27549.132,27181.068,26810.811,26439.495,26068.095,25697.449,25328.276,24961.190,24596.717,24235.306,23877.338,23523.134,23172.969,22827.070,22485.631,22148.809,21816.735,21489.515,21167.235,20849.961,20537.745,20230.623,19928.620,19631.751,19340.020,19053.427,18771.961,18495.609,18224.349,17958.157,17697.005,17440.861,17189.691,16943.457,16702.122,16465.644,16233.982,16007.092,15784.932,15567.457,15354.622,15146.383,14942.693,14743.510,14548.789,14358.485,14172.556,13990.958,13813.650,13640.592,13471.743,13307.065,13146.522,12990.077,12837.695,12689.344,12544.992,12404.611,12268.172,12135.650,12007.019,11882.259,11761.348,11644.269,11531.005,11421.543,11315.870,11213.977,11115.857,11021.504,10930.914,10844.088,10761.026,10681.733,10606.214,10534.478,10466.536,10402.399,10342.084,10285.607,10232.989,10184.251,10139.417,10098.513,10061.569,10028.615,9999.683,9974.808,9954.029,9937.383,9924.913,9916.661,9912.672,9912.995,9917.678,9926.773,9940.333,9958.413,9981.071,10008.365,10040.356,10077.107,10118.683,10165.149,10216.576,10273.032,10334.590,10401.324,10473.310,10550.626,10633.351,10721.567,10815.357,10914.808,11020.006,11131.042,11248.007,11370.995,11500.101,11635.425,11777.066,11925.128,12079.716,12240.937,12408.902,12583.722,12765.515,12954.397,13150.490,13353.918,13564.807,13783.287,14009.491,14243.554,14485.617,14735.822,14994.314,15261.242,15536.760,15821.022,16114.190,16416.424,16727.892,17048.762,17379.207,17719.401,18069.522,18429.750,18800.267,19181.255,19572.900,19975.384,20388.892,20813.603,21249.696,21697.344,22156.713,22627.961,23111.233,23606.661,24114.356,24634.406,25166.870,25711.771,26269.087,26838.738,27420.576,28014.368,28619.771,29236.308,29863.331,30499.975,31145.100,31797.208,32454.343,33113.958,33772.734,34426.364,35069.278,35694.326,36292.439,36852.334,37360.374,37800.749,38156.166,38409.096,38543.351,38545.295,38404.050,38110.848,37658.153,37039.083,36247.485,35278.763,34131.398,32808.758,31320.394,29681.878,27912.877,26034.494,24067.030,22028.579,19934.466,17797.220,15626.859,13431.290,11216.722,8988.039,6749.120,4503.109,2252.633,0.000
0.000,1586.698,3170.615,4748.886,6318.513,7876.302,9418.807,10942.281,12442.632,13915.401,15355.753,16758.489,18118.093,19428.803,20684.721,21879.959,23008.810,24065.945,25046.610,25946.817,26763.494,27494.609,28139.229,28697.540,29170.816,29561.349,29872.350,30107.814,30272.369,30371.108,30409.416,30392.804,30326.763,30216.636,30067.526,29884.223,29671.162,29432.402,29171.626,28892.143,28596.912,28288.562,27969.421,27641.542,27306.728,26966.566,26622.440,26275.564,25926.997,25577.661,25228.360,24879.793,24532.568,24187.213,23844.184,23503.877,23166.634,22832.750,22502.477,22176.032,21853.600,21535.340,21221.382,20911.839,20606.803,20306.350,20010.541,19719.422,19433.032,19151.395,18874.531,18602.448,18335.149,18072.631,17814.884,17561.895,17313.647,17070.116,16831.280,16597.110,16367.577,16142.648,15922.290,15706.469,15495.147,15288.288,15085.854,14887.807,14694.110,14504.722,14319.607,14138.726,13962.042,13789.517,13621.116,13456.804,13296.546,13140.310,12988.063,12839.774,12695.416,12554.959,12418.379,12285.651,12156.752,12031.661,11910.361,11792.833,11679.063,11569.038,11462.747,11360.182,11261.336,11166.205,11074.786,10987.080,10903.089,10822.817,10746.272,10673.462,10604.399,10539.096,10477.570,10419.838,10365.920,10315.841,10269.622,10227.293,10188.882,10154.420,10123.941,10097.480,10075.075,10056.766,10042.593,10032.601,10026.836,10025.344,10028.176,10035.383,10047.019,10063.138,10083.796,10109.055,10138.973,10173.613,10213.039,10257.317,10306.516,10360.703,10419.951,10484.332,10553.920,10628.793,10709.028,10794.705,10885.904,10982.711,11085.209,11193.485,11307.629,11427.730,11553.882,11686.178,11824.715,11969.591,12120.906,12278.762,12443.264,12614.519,12792.634,12977.721,13169.893,13369.265,13575.954,13790.081,14011.767,14241.138,14478.320,14723.441,14976.634,15238.032,15507.771,15785.989,16072.826,16368.423,16672.925,16986.474,17309.217,17641.302,17982.872,18334.076,18695.059,19065.964,19446.932,19838.101,20239.605,20651.567,21074.107,21507.333,21951.340,22406.207,22871.996,23348.744,23836.461,24335.124,24844.666,25364.975,25895.878,26437.127,26988.392,27549.231,28119.074,28697.191,29282.653,29874.286,30470.610,31069.765,31669.412,32266.619,32857.709,33438.090,34002.055,34542.571,35051.087,35517.403,35929.686,36274.705,36538.375,36706.563,36766.008,36705.040,36513.816,36184.152,35709.196,35083.242,34301.882,33362.562,32265.456,31014.392,29617.404,28086.503,26436.583,24683.894,22844.597,20933.726,18964.609,16948.670,14895.484,12812.974,10707.657,8584.906,6449.195,4304.319,2153.588,0.000
0.000,1534.800,3066.679,4592.643,6109.592,7614.267,9103.212,10572.730,12018.861,13437.365,14823.723,16173.160,17480.684,18741.161,19949.402,21100.285,22188.894,23210.669,24161.561,25038.173,25837.882,26558.933,27200.486,27762.639,28246.402,28653.651,28987.042,29249.912,29446.152,29580.074,29656.278,29679.515,29654.564,29586.133,29478.767,29336.788,29164.250,28964.913,28742.228,28499.341,28239.101,27964.069,27676.543,27378.575,27071.988,26758.405,26439.263,26115.833,25789.239,25460.471,25130.406,24799.812,24469.368,24139.671,23811.246,23484.553,23159.996,22837.928,22518.660,22202.463,21889.570,21580.188,21274.493,20972.640,20674.759,20380.963,20091.347,19805.990,19524.958,19248.306,18976.077,18708.304,18445.011,18186.216,17931.928,17682.150,17436.882,17196.116,16959.842,16728.045,16500.705,16277.803,16059.314,15845.212,15635.469,15430.057,15228.943,15032.098,14839.487,14651.078,14466.838,14286.733,14110.730,13938.795,13770.897,13607.003,13447.081,13291.102,13139.035,12990.853,12846.528,12706.035,12569.350,12436.449,12307.312,12181.920,12060.254,11942.300,11828.044,11717.473,11610.578,11507.351,11407.788,11311.884,11219.637,11131.050,11046.125,10964.868,10887.286,10813.390,10743.190,10676.702,10613.943,10554.931,10499.687,10448.234,10400.598,10356.807,10316.890,10280.879,10248.808,10220.713,10196.633,10176.607,10160.677,10148.887,10141.285,10137.916,10138.831,10144.082,10153.722,10167.806,10186.391,10209.536,10237.301,10269.747,10306.939,10348.942,10395.822,10447.649,10504.493,10566.423,10633.516,10705.844,10783.485,10866.516,10955.016,11049.067,11148.752,11254.153,11365.357,11482.452,11605.525,11734.667,11869.971,12011.529,12159.438,12313.793,12474.693,12642.239,12816.532,12997.676,13185.776,13380.938,13583.271,13792.884,14009.891,14234.402,14466.533,14706.400,14954.119,15209.809,15473.590,15745.580,16025.901,16314.674,16612.019,16918.056,17232.906,17556.686,17889.513,18231.499,18582.754,18943.385,19313.489,19693.160,20082.480,20481.523,20890.350,21309.005,21737.515,22175.886,22624.099,23082.102,23549.809,24027.091,24513.768,25009.600,25514.276,26027.398,26548.468,27076.864,27611.818,28152.383,28697.396,29245.435,29794.758,30343.235,30888.265,31426.678,31954.612,32467.389,32959.377,33423.853,33852.912,34237.425,34567.123,34830.820,35016.825,35113.478,35109.741,34995.658,34762.598,34403.285,33911.739,33283.275,32514.676,31604.554,30553.850,29366.301,28048.654,26610.448,25063.337,23420.154,21693.969,19897.328,18041.761,16137.530,14193.577,12217.586,10216.123,8194.808,6158.489,4111.419,2057.411,0.000
0.000,1485.880,2968.753,4445.550,5913.115,7368.174,8807.291,10226.854,11623.044,12991.840,14329.021,15630.188,16890.812,18106.286,19272.014,20383.503,21436.473,22426.984,23351.545,24207.232,24991.781,25703.657,26342.099,26907.134,27399.564,27820.928,28173.434,28459.878,28683.548,28848.116,28957.528,29015.896,29027.394,28996.177,28926.298,28821.656,28685.948,28522.647,28334.974,28125.903,27898.156,27654.213,27396.318,27126.500,26846.584,26558.210,26262.844,25961.800,25656.251,25347.240,25035.701,24722.463,24408.265,24093.763,23779.540,23466.114,23153.946,22843.443,22534.966,22228.834,21925.329,21624.701,21327.169,21032.925,20742.137,20454.951,20171.497,19891.882,19616.202,19344.536,19076.953,18813.508,18554.246,18299.204,18048.411,17801.886,17559.642,17321.689,17088.028,16858.655,16633.564,16412.744,16196.181,15983.857,15775.752,15571.845,15372.111,15176.524,14985.058,14797.686,14614.377,14435.104,14259.836,14088.545,13921.200,13757.773,13598.236,13442.559,13290.717,13142.683,12998.431,12857.939,12721.182,12588.141,12458.796,12333.129,12211.123,12092.764,11978.039,11866.937,11759.451,11655.573,11555.299,11458.626,11365.553,11276.083,11190.219,11107.969,11029.339,10954.342,10882.990,10815.297,10751.282,10690.964,10634.365,10581.509,10532.421,10487.131,10445.668,10408.065,10374.357,10344.581,10318.774,10296.978,10279.235,10265.590,10256.089,10250.780,10249.713,10252.940,10260.514,10272.490,10288.926,10309.879,10335.410,10365.581,10400.455,10440.095,10484.569,10533.944,10588.289,10647.675,10712.173,10781.857,10856.802,10937.083,11022.778,11113.965,11210.725,11313.138,11421.288,11535.258,11655.133,11780.999,11912.946,12051.061,12195.434,12346.157,12503.322,12667.024,12837.357,13014.418,13198.302,13389.110,13586.939,13791.891,14004.065,14223.564,14450.489,14684.943,14927.030,15176.851,15434.510,15700.109,15973.750,16255.532,16545.556,16843.916,17150.708,17466.020,17789.941,18122.551,18463.925,18814.132,19173.229,19541.266,19918.280,20304.291,20699.305,21103.309,21516.263,21938.103,22368.735,22808.023,23255.793,23711.817,24175.810,24647.419,25126.206,25611.641,26103.079,26599.742,27100.692,27604.806,28110.734,28616.859,29121.249,29621.587,30115.112,30598.528,31067.923,31518.671,31945.342,32341.626,32700.297,33013.222,33271.463,33465.478,33585.423,33621.533,33564.523,33405.911,33138.249,32755.228,32251.737,31623.947,30869.463,29987.566,28979.498,27848.688,26600.816,25243.622,23786.460,22239.691,20614.046,18920.081,17167.775,15366.289,13523.860,11647.797,9744.546,7819.796,5878.595,3925.490,1964.651,0.000
0.000,1440.026,2877.002,4307.824,5729.323,7138.237,8531.184,9904.646,11254.959,12578.311,13870.752,15128.224,16346.593,17521.707,18649.460,19725.876,20747.197,21709.979,22611.181,23448.259,24219.232,24922.746,25558.100,26125.269,26624.886,27058.214,27427.094,27733.883,27981.373,28172.702,28311.274,28400.659,28444.517,28446.523,28410.299,28339.360,28237.080,28106.655,27951.088,27773.177,27575.512,27360.476,27130.249,26886.822,26632.004,26367.434,26094.597,25814.831,25529.344,25239.221,24945.442,24648.883,24350.334,24050.503,23750.023,23449.464,23149.335,22850.091,22552.141,22255.848,21961.537,21669.497,21379.987,21093.234,20809.443,20528.790,20251.436,19977.516,19707.153,19440.452,19177.502,18918.382,18663.157,18411.882,18164.603,17921.355,17682.167,17447.060,17216.049,16989.144,16766.346,16547.655,16333.067,16122.571,15916.156,15713.806,15515.504,15321.230,15130.963,14944.679,14762.355,14583.964,14409.483,14238.884,14072.142,13909.229,13750.121,13594.791,13443.215,13295.368,13151.227,13010.770,12873.976,12740.826,12611.301,12485.384,12363.059,12244.315,12129.140,12017.523,11909.457,11804.937,11703.958,11606.519,11512.620,11422.264,11335.456,11252.203,11172.515,11096.402,11023.880,10954.962,10889.668,10828.018,10770.034,10715.742,10665.167,10618.340,10575.291,10536.054,10500.663,10469.157,10441.573,10417.954,10398.342,10382.782,10371.321,10364.008,10360.892,10362.026,10367.464,10377.260,10391.471,10410.155,10433.374,10461.187,10493.657,10530.849,10572.828,10619.661,10671.416,10728.162,10789.970,10856.912,10929.060,11006.489,11089.274,11177.492,11271.219,11370.534,11475.518,11586.249,11702.810,11825.284,11953.754,12088.303,12229.017,12375.983,12529.286,12689.015,12855.258,13028.102,13207.638,13393.955,13587.144,13787.294,13994.497,14208.841,14430.418,14659.317,14895.626,15139.434,15390.826,15649.889,15916.705,16191.354,16473.914,16764.457,17063.053,17369.765,17684.652,18007.762,18339.138,18678.812,19026.803,19383.119,19747.751,20120.673,20501.837,20891.172,21288.581,21693.933,22107.060,22527.754,22955.756,23390.751,23832.359,24280.122,24733.494,25191.828,25654.352,26120.158,26588.170,27057.122,27525.520,27991.606,28453.316,28908.218,29353.470,29785.744,30201.167,30595.255,30962.857,31298.120,31594.478,31844.697,32040.970,32175.093,32238.691,32223.498,32121.645,31925.910,31629.913,31228.252,30716.609,30091.851,29352.164,28497.218,27528.324,26448.542,25262.674,23977.110,22599.509,21138.394,19602.708,18001.414,16343.183,14636.179,12887.939,11105.333,9294.583,7461.320,5610.667,3747.333,1875.715,0.000
0.000,1397.283,2791.506,4179.563,5558.300,6924.491,8274.826,9605.896,10914.185,12196.082,13447.888,14665.841,15846.153,16985.054,18078.854,19124.002,20117.167,21055.306,21935.745,22756.241,23515.046,24210.947,24843.296,25412.021,25917.617,26361.123,26744.081,27068.483,27336.710,27551.462,27715.682,27832.488,27905.097,27936.770,27930.746,27890.204,27818.219,27717.734,27591.541,27442.267,27272.367,27084.121,26879.638,26660.858,26429.563,26187.380,25935.796,25676.165,25409.716,25137.567,24860.730,24580.124,24296.577,24010.842,23723.596,23435.453,23146.964,22858.630,22570.898,22284.174,21998.821,21715.165,21433.501,21154.088,20877.164,20602.937,20331.591,20063.294,19798.189,19536.406,19278.057,19023.240,18772.039,18524.527,18280.766,18040.806,17804.690,17572.452,17344.119,17119.711,16899.241,16682.718,16470.144,16261.520,16056.839,15856.093,15659.270,15466.356,15277.336,15092.190,14910.898,14733.439,14559.791,14389.932,14223.837,14061.483,13902.847,13747.905,13596.635,13449.013,13305.019,13164.632,13027.832,12894.601,12764.923,12638.780,12516.160,12397.051,12281.442,12169.323,12060.688,11955.533,11853.854,11755.652,11660.926,11569.681,11481.922,11397.658,11316.898,11239.655,11165.943,11095.779,11029.182,10966.172,10906.774,10851.013,10798.917,10750.514,10705.838,10664.923,10627.803,10594.517,10565.104,10539.607,10518.069,10500.535,10487.054,10477.672,10472.442,10471.414,10474.644,10482.187,10494.098,10510.437,10531.263,10556.637,10586.621,10621.279,10660.676,10704.878,10753.951,10807.965,10866.987,10931.090,11000.343,11074.820,11154.593,11239.737,11330.326,11426.437,11528.145,11635.528,11748.663,11867.630,11992.507,12123.375,12260.313,12403.401,12552.722,12708.355,12870.383,13038.888,13213.949,13395.650,13584.070,13779.291,13981.392,14190.453,14406.551,14629.765,14860.168,15097.833,15342.832,15595.233,15855.100,16122.493,16397.470,16680.081,16970.371,17268.378,17574.131,17887.652,18208.948,18538.019,18874.847,19219.399,19571.625,19931.452,20298.784,20673.497,21055.436,21444.411,21840.189,22242.491,22650.984,23065.275,23484.896,23909.301,24337.850,24769.792,25204.254,25640.218,26076.501,26511.724,26944.290,27372.345,27793.741,28205.994,28606.240,28991.184,29357.059,29699.580,30013.911,30294.659,30535.884,30731.145,30873.604,30956.156,30971.621,30912.946,30773.426,30546.901,30227.926,29811.905,29295.202,28675.250,27950.656,27121.316,26188.502,25154.910,24024.629,22803.003,21496.412,20111.980,18657.259,17139.936,15567.590,13947.505,12286.556,10591.158,8867.250,7120.327,5355.486,3577.501,1790.889,0.000
0.000,1357.662,2712.280,4060.768,5400.009,6726.833,8038.009,9330.241,10600.163,11844.348,13059.323,14241.590,15387.658,16494.086,17557.527,18574.788,19542.885,20459.107,21321.074,22126.789,22874.690,23563.680,24193.150,24762.991,25273.584,25725.782,26120.883,26460.577,26746.904,26982.195,27169.009,27310.078,27408.243,27466.405,27487.470,27474.315,27429.746,27356.474,27257.093,27134.067,26989.717,26826.220,26645.605,26449.758,26240.421,26019.203,25787.583,25546.919,25298.455,25043.329,24782.580,24517.157,24247.922,23975.665,23701.099,23424.877,23147.588,22869.770,22591.909,22314.445,22037.778,21762.267,21488.237,21215.983,20945.767,20677.828,20412.376,20149.601,19889.673,19632.742,19378.941,19128.385,18881.178,18637.409,18397.153,18160.478,17927.438,17698.079,17472.441,17250.552,17032.435,16818.109,16607.584,16400.866,16197.957,15998.854,15803.553,15612.043,15424.313,15240.348,15060.134,14883.651,14710.881,14541.805,14376.401,14214.648,14056.525,13902.011,13751.084,13603.724,13459.912,13319.626,13182.851,13049.568,12919.762,12793.418,12670.523,12551.066,12435.038,12322.430,12213.237,12107.454,12005.081,11906.116,11810.562,11718.423,11629.707,11544.420,11462.576,11384.185,11309.265,11237.833,11169.907,11105.511,11044.668,10987.405,10933.749,10883.733,10837.388,10794.749,10755.853,10720.737,10689.443,10662.014,10638.493,10618.926,10603.361,10591.847,10584.435,10581.177,10582.129,10587.345,10596.881,10610.797,10629.151,10652.005,10679.420,10711.459,10748.187,10789.669,10835.971,10887.160,10943.304,11004.472,11070.734,11142.160,11218.822,11300.791,11388.139,11480.940,11579.268,11683.195,11792.797,11908.147,12029.322,12156.396,12289.445,12428.542,12573.765,12725.188,12882.886,13046.932,13217.402,13394.367,13577.901,13768.074,13964.956,14168.616,14379.120,14596.532,14820.913,15052.324,15290.818,15536.448,15789.261,16049.299,16316.596,16591.184,16873.084,17162.308,17458.860,17762.732,18073.903,18392.337,18717.984,19050.773,19390.612,19737.389,20090.959,20451.151,20817.758,21190.533,21569.185,21953.373,22342.696,22736.690,23134.816,23536.447,23940.863,24347.230,24754.589,25161.838,25567.707,25970.741,26369.270,26761.382,27144.889,27517.298,27875.772,28217.097,28537.651,28833.379,29099.776,29331.895,29524.368,29671.459,29767.151,29805.264,29779.597,29684.096,29513.020,29261.106,28923.706,28496.917,27977.682,27363.887,26654.454,25849.410,24949.944,23958.424,22878.350,21714.250,20471.515,19156.181,17774.707,16333.751,14839.975,13299.903,11719.805,10105.646,8463.058,6797.347,5113.521,3416.336,1710.354,0.000
0.000,1321.150,2639.290,3951.373,5254.330,6545.059,7820.417,9077.221,10312.246,11522.238,12703.926,13854.043,14969.356,16046.702,17083.026,18075.431,19021.221,19917.956,20763.496,21556.047,22294.194,22976.933,23603.689,24174.319,24689.111,25148.766,25554.375,25907.381,26209.538,26462.868,26669.609,26832.162,26953.047,27034.853,27080.196,27091.686,27071.887,27023.299,26948.333,26849.298,26728.387,26587.674,26429.108,26254.514,26065.592,25863.924,25650.975,25428.098,25196.544,24957.464,24711.917,24460.873,24205.225,23945.789,23683.312,23418.478,23151.911,22884.180,22615.804,22347.258,22078.969,21811.331,21544.696,21279.387,21015.694,20753.880,20494.180,20236.808,19981.953,19729.786,19480.460,19234.107,18990.847,18750.785,18514.011,18280.604,18050.631,17824.152,17601.213,17381.855,17166.109,16954.001,16745.549,16540.767,16339.663,16142.238,15948.495,15758.427,15572.027,15389.285,15210.189,15034.724,14862.873,14694.621,14529.949,14368.837,14211.266,14057.217,13906.670,13759.607,13616.009,13475.857,13339.135,13205.827,13075.918,12949.394,12826.244,12706.458,12590.025,12476.940,12367.198,12260.795,12157.729,12058.003,11961.619,11868.581,11778.898,11692.579,11609.635,11530.081,11453.933,11381.209,11311.929,11246.117,11183.798,11124.998,11069.747,11018.076,10970.020,10925.612,10884.891,10847.897,10814.669,10785.251,10759.689,10738.028,10720.317,10706.606,10696.946,10691.389,10689.991,10692.807,10699.893,10711.308,10727.112,10747.365,10772.128,10801.465,10835.438,10874.112,10917.553,10965.827,11019.000,11077.140,11140.316,11208.595,11282.048,11360.743,11444.750,11534.141,11628.985,11729.354,11835.317,11946.947,12064.313,12187.486,12316.538,12451.537,12592.553,12739.656,12892.914,13052.393,13218.162,13390.283,13568.821,13753.839,13945.395,14143.547,14348.351,14559.859,14778.119,15003.177,15235.072,15473.841,15719.514,15972.114,16231.658,16498.155,16771.604,17051.995,17339.306,17633.501,17934.532,18242.332,18556.817,18877.882,19205.399,19539.214,19879.142,20224.967,20576.434,20933.246,21295.059,21661.476,22032.039,22406.221,22783.418,23162.940,23543.998,23925.691,24306.993,24686.736,25063.590,25436.046,25802.391,26160.687,26508.741,26844.084,27163.941,27465.210,27744.442,27997.822,28221.177,28409.979,28559.380,28664.263,28719.318,28719.138,28658.344,28531.708,28334.294,28061.590,27709.626,27275.082,26755.384,26148.789,25454.450,24672.473,23803.953,22850.967,21816.537,20704.542,19519.591,18266.865,16951.951,15580.665,14158.909,12692.546,11187.305,9648.725,8082.121,6492.584,4884.986,3264.014,1634.206,0.000
0.000,1287.716,2572.466,3851.256,5121.077,6378.898,7621.667,8846.312,10049.741,11228.857,12380.569,13501.815,14589.585,15640.951,16653.106,17623.398,18549.372,19428.810,20259.770,21040.621,21770.070,22447.190,23071.429,23642.617,24160.964,24627.044,25041.777,25406.398,25722.425,25991.620,26215.945,26397.526,26538.604,26641.501,26708.580,26742.212,26744.749,26718.499,26665.705,26588.532,26489.052,26369.239,26230.963,26075.986,25905.963,25722.443,25526.873,25320.598,25104.866,24880.836,24649.580,24412.087,24169.269,23921.967,23670.955,23416.944,23160.586,22902.479,22643.173,22383.168,22122.923,21862.856,21603.347,21344.744,21087.362,20831.486,20577.375,20325.262,20075.357,19827.849,19582.907,19340.682,19101.308,18864.903,18631.572,18401.405,18174.481,17950.869,17730.626,17513.802,17300.436,17090.560,16884.202,16681.378,16482.105,16286.388,16094.235,15905.643,15720.609,15539.127,15361.187,15186.778,15015.886,14848.498,14684.595,14524.162,14367.180,14213.633,14063.501,13916.768,13773.416,13633.427,13496.787,13363.480,13233.492,13106.811,12983.424,12863.324,12746.502,12632.951,12522.668,12415.649,12311.895,12211.407,12114.189,12020.247,11929.589,11842.225,11758.167,11677.432,11600.034,11525.995,11455.335,11388.077,11324.249,11263.877,11206.992,11153.627,11103.815,11057.593,11014.999,10976.073,10940.858,10909.397,10881.735,10857.919,10838.000,10822.026,10810.050,10802.125,10798.306,10798.648,10803.209,10812.047,10825.221,10842.792,10864.821,10891.371,10922.504,10958.284,10998.776,11044.045,11094.157,11149.177,11209.173,11274.210,11344.358,11419.683,11500.252,11586.134,11677.396,11774.106,11876.330,11984.137,12097.593,12216.764,12341.716,12472.513,12609.221,12751.901,12900.616,13055.427,13216.392,13383.569,13557.013,13736.776,13922.909,14115.460,14314.471,14519.985,14732.038,14950.659,15175.877,15407.712,15646.176,15891.277,16143.013,16401.373,16666.336,16937.868,17215.924,17500.444,17791.351,18088.550,18391.928,18701.347,19016.644,19337.629,19664.079,19995.738,20332.307,20673.446,21018.764,21367.813,21720.085,22075.001,22431.905,22790.050,23148.594,23506.582,23862.938,24216.445,24565.735,24909.267,25245.309,25571.921,25886.934,26187.927,26472.212,26736.819,26978.481,27193.634,27378.417,27528.694,27640.086,27708.018,27727.787,27694.645,27603.898,27451.014,27231.728,26942.158,26578.903,26139.133,25620.677,25022.086,24342.692,23582.652,22742.962,21825.453,20832.752,19768.217,18635.833,17440.099,16185.892,14878.342,13522.713,12124.297,10688.343,9219.993,7724.256,6205.988,4669.901,3120.572,1562.473,0.000
0.000,1257.313,2511.715,3760.267,5000.026,6228.036,7441.336,8636.958,9811.935,10963.312,12088.159,13183.592,14246.792,15275.035,16265.721,17216.405,18124.832,18988.967,19807.031,20577.526,21299.261,21971.368,22593.315,23164.909,23686.292,24157.936,24580.616,24955.395,25283.591,25566.747,25806.596,26005.025,26164.039,26285.727,26372.233,26425.720,26448.350,26442.259,26409.538,26352.219,26272.261,26171.544,26051.860,25914.909,25762.300,25595.548,25416.076,25225.215,25024.211,24814.223,24596.331,24371.536,24140.768,23904.887,23664.687,23420.905,23174.216,22925.243,22674.561,22422.695,22170.129,21917.306,21664.629,21412.469,21161.162,20911.016,20662.309,20415.292,20170.195,19927.223,19686.560,19448.373,19212.808,18979.998,18750.059,18523.092,18299.188,18078.423,17860.865,17646.569,17435.584,17227.949,17023.696,16822.849,16625.427,16431.444,16240.908,16053.822,15870.187,15689.999,15513.251,15339.934,15170.038,15003.549,14840.453,14680.735,14524.379,14371.367,14221.685,14075.314,13932.238,13792.442,13655.911,13522.630,13392.586,13265.767,13142.163,13021.766,12904.566,12790.560,12679.744,12572.115,12467.674,12366.424,12268.369,12173.515,12081.872,11993.450,11908.263,11826.327,11747.659,11672.279,11600.211,11531.478,11466.107,11404.128,11345.570,11290.468,11238.857,11190.774,11146.257,11105.349,11068.091,11034.529,11004.708,10978.677,10956.484,10938.182,10923.823,10913.459,10907.147,10904.942,10906.903,10913.086,10923.552,10938.362,10957.575,10981.255,11009.463,11042.263,11079.718,11121.894,11168.854,11220.664,11277.388,11339.092,11405.841,11477.701,11554.738,11637.015,11724.599,11817.553,11915.941,12019.828,12129.276,12244.347,12365.102,12491.601,12623.902,12762.064,12906.141,13056.188,13212.257,13374.396,13542.654,13717.075,13897.699,14084.563,14277.702,14477.145,14682.916,14895.033,15113.510,15338.352,15569.557,15807.116,16051.009,16301.207,16557.669,16820.341,17089.155,17364.027,17644.855,17931.519,18223.876,18521.759,18824.976,19133.301,19446.478,19764.214,20086.174,20411.977,20741.190,21073.326,21407.831,21744.083,22081.381,22418.936,22755.862,23091.165,23423.732,23752.316,24075.525,24391.805,24699.427,24996.469,25280.801,25550.073,25801.701,26032.854,26240.456,26421.183,26571.474,26687.552,26765.456,26801.085,26790.263,26728.801,26612.586,26437.666,26200.343,25897.263,25525.498,25082.632,24566.821,23976.858,23312.215,22573.076,21760.346,20875.647,19921.282,18900.184,17815.835,16672.178,15473.515,14224.406,12929.575,11593.828,10221.983,8818.824,7389.063,5937.324,4468.137,2985.949,1495.129,0.000
0.000,1229.890,2456.927,3678.233,4890.929,6092.138,7278.982,8448.595,9598.122,10724.737,11825.652,12898.138,13939.542,14947.312,15919.025,16852.408,17745.371,18596.035,19402.753,20164.139,20879.082,21546.763,22166.666,22738.579,23262.588,23739.076,24168.700,24552.378,24891.261,25186.708,25440.256,25653.589,25828.512,25966.914,26070.745,26141.990,26182.642,26194.683,26180.069,26140.709,26078.460,25995.112,25892.383,25771.915,25635.269,25483.926,25319.283,25142.656,24955.282,24758.318,24552.850,24339.886,24120.368,23895.172,23665.111,23430.939,23193.353,22952.998,22710.469,22466.315,22221.040,21975.109,21728.948,21482.945,21237.459,20992.814,20749.307,20507.207,20266.759,20028.183,19791.679,19557.425,19325.582,19096.292,18869.683,18645.867,18424.943,18206.996,17992.101,17780.323,17571.714,17366.321,17164.180,16965.322,16769.770,16577.540,16388.646,16203.094,16020.886,15842.023,15666.499,15494.309,15325.443,15159.889,14997.635,14838.667,14682.970,14530.529,14381.328,14235.351,14092.582,13953.007,13816.611,13683.380,13553.303,13426.367,13302.563,13181.882,13064.319,12949.868,12838.525,12730.290,12625.164,12523.149,12424.252,12328.479,12235.841,12146.348,12060.015,11976.859,11896.898,11820.153,11746.648,11676.408,11609.461,11545.836,11485.566,11428.685,11375.230,11325.237,11278.748,11235.803,11196.448,11160.727,11128.687,11100.378,11075.849,11055.152,11038.341,11025.469,11016.592,11011.766,11011.050,11014.502,11022.182,11034.149,11050.464,11071.191,11096.390,11126.125,11160.457,11199.452,11243.173,11291.682,11345.045,11403.324,11466.584,11534.887,11608.298,11686.878,11770.690,11859.795,11954.255,12054.128,12159.475,12270.353,12386.818,12508.927,12636.731,12770.283,12909.633,13054.829,13205.915,13362.933,13525.923,13694.921,13869.959,14051.065,14238.261,14431.568,14630.996,14836.554,15048.240,15266.048,15489.959,15719.950,15955.985,16198.016,16445.984,16699.816,16959.423,17224.699,17495.520,17771.742,18053.194,18339.685,18630.992,18926.862,19227.007,19531.103,19838.780,20149.624,20463.168,20778.887,21096.192,21414.425,21732.850,22050.644,22366.890,22680.564,22990.531,23295.527,23594.152,23884.853,24165.918,24435.460,24691.406,24931.485,25153.226,25353.946,25530.755,25680.562,25800.082,25885.867,25934.327,25941.780,25904.501,25818.781,25680.998,25487.692,25235.639,24921.926,24544.025,24099.859,23587.858,23007.009,22356.891,21637.705,20850.274,19996.042,19077.044,18095.863,17055.570,15959.652,14811.936,13616.509,12377.637,11099.705,9787.154,8444.440,7075.997,5686.221,4279.459,2860.005,1432.112,0.000
0.000,1205.391,2407.987,3604.971,4793.531,5970.861,7134.166,8280.670,9407.622,10512.310,11592.072,12644.313,13666.521,14656.294,15611.355,16529.577,17409.010,18247.901,19044.715,19798.155,20507.178,21171.007,21789.136,22361.335,22887.648,23368.380,23804.092,24195.578,24543.850,24850.111,25115.734,25342.232,25531.236,25684.465,25803.702,25890.776,25947.531,25975.816,25977.461,25954.270,25908.004,25840.370,25753.019,25647.537,25525.440,25388.171,25237.105,25073.539,24898.699,24713.740,24519.745,24317.732,24108.650,23893.386,23672.770,23447.569,23218.499,22986.223,22751.356,22514.463,22276.071,22036.660,21796.677,21556.527,21316.587,21077.197,20838.670,20601.291,20365.318,20130.985,19898.505,19668.068,19439.846,19213.991,18990.642,18769.918,18551.926,18336.761,18124.503,17915.222,17708.979,17505.823,17305.798,17108.936,16915.266,16724.808,16537.576,16353.581,16172.829,15995.319,15821.051,15650.019,15482.216,15317.631,15156.253,14998.069,14843.065,14691.227,14542.538,14396.986,14254.553,14115.226,13978.991,13845.835,13715.746,13588.712,13464.725,13343.777,13225.861,13110.973,12999.111,12890.273,12784.463,12681.682,12581.938,12485.238,12391.592,12301.014,12213.518,12129.121,12047.844,11969.707,11894.736,11822.957,11754.398,11689.091,11627.068,11568.364,11513.018,11461.067,11412.553,11367.520,11326.010,11288.072,11253.753,11223.103,11196.172,11173.014,11153.682,11138.230,11126.716,11119.195,11115.727,11116.370,11121.184,11130.228,11143.565,11161.256,11183.363,11209.947,11241.072,11276.799,11317.192,11362.314,11412.226,11466.992,11526.672,11591.329,11661.024,11735.816,11815.767,11900.933,11991.373,12087.144,12188.300,12294.896,12406.985,12524.615,12647.837,12776.696,12911.236,13051.499,13197.523,13349.344,13506.993,13670.498,13839.882,14015.165,14196.360,14383.476,14576.514,14775.470,14980.331,15191.076,15407.675,15630.088,15858.265,16092.143,16331.643,16576.676,16827.134,17082.890,17343.800,17609.697,17880.388,18155.657,18435.256,18718.906,19006.293,19297.063,19590.820,19887.118,20185.462,20485.297,20786.006,21086.902,21387.221,21686.115,21982.645,22275.771,22564.345,22847.096,23122.629,23389.407,23645.746,23889.805,24119.575,24332.877,24527.356,24700.476,24849.530,24971.642,25063.788,25122.811,25145.457,25128.407,25068.327,24961.919,24805.979,24597.461,24333.540,24011.675,23629.669,23185.728,22678.505,22107.145,21471.313,20771.212,20007.597,19181.757,18295.504,17351.130,16351.367,15299.325,14198.436,13052.384,11865.052,10640.458,9382.711,8095.972,6784.417,5452.225,4103.556,2742.552,1373.332,0.000
0.000,1183.757,2364.777,3540.300,4707.577,5863.870,7006.460,8132.654,9239.793,10325.265,11386.519,12421.074,13426.542,14400.645,15341.230,16246.294,17114.004,17942.710,18730.969,19477.562,20181.499,20842.035,21458.677,22031.179,22559.545,23044.021,23485.084,23883.428,24239.945,24555.711,24831.957,25070.052,25271.481,25437.815,25570.697,25671.817,25742.892,25785.652,25801.821,25793.103,25761.174,25707.670,25634.178,25542.229,25433.298,25308.797,25170.072,25018.404,24855.007,24681.030,24497.556,24305.604,24106.130,23900.033,23688.150,23471.264,23250.105,23025.352,22797.634,22567.536,22335.597,22102.317,21868.155,21633.537,21398.852,21164.454,20930.672,20697.803,20466.118,20235.863,20007.261,19780.514,19555.802,19333.288,19113.118,18895.419,18680.306,18467.878,18258.222,18051.416,17847.522,17646.596,17448.684,17253.823,17062.045,16873.371,16687.821,16505.405,16326.132,16150.004,15977.020,15807.178,15640.469,15476.885,15316.416,15159.049,15004.771,14853.567,14705.423,14560.325,14418.257,14279.206,14143.157,14010.099,13880.019,13752.907,13628.753,13507.551,13389.294,13273.979,13161.603,13052.167,12945.672,12842.122,12741.525,12643.888,12549.224,12457.545,12368.868,12283.210,12200.591,12121.036,12044.569,11971.217,11901.010,11833.981,11770.163,11709.592,11652.308,11598.349,11547.759,11500.581,11456.861,11416.646,11379.986,11346.931,11317.533,11291.846,11269.923,11251.820,11237.596,11227.305,11221.009,11218.765,11220.634,11226.677,11236.954,11251.527,11270.457,11293.807,11321.639,11354.013,11390.993,11432.640,11479.014,11530.178,11586.192,11647.115,11713.006,11783.923,11859.924,11941.064,12027.399,12118.980,12215.861,12318.091,12425.719,12538.790,12657.348,12781.435,12911.089,13046.345,13187.236,13333.790,13486.031,13643.981,13807.653,13977.060,14152.205,14333.088,14519.698,14712.022,14910.035,15113.703,15322.985,15537.827,15758.164,15983.918,16214.996,16451.290,16692.675,16939.009,17190.125,17445.838,17705.936,17970.178,18238.297,18509.990,18784.920,19062.708,19342.934,19625.130,19908.774,20193.288,20478.032,20762.299,21045.303,21326.181,21603.979,21877.650,22146.042,22407.889,22661.809,22906.290,23139.688,23360.213,23565.931,23754.757,23924.451,24072.623,24196.739,24294.129,24362.000,24397.464,24397.558,24359.286,24279.651,24155.707,23984.605,23763.651,23490.355,23162.485,22778.123,22335.706,21834.073,21272.493,20650.697,19968.889,19227.755,18428.456,17572.614,16662.278,15699.895,14688.261,13630.473,12529.880,11390.031,10214.629,9007.492,7772.512,6513.634,5234.828,3940.077,2633.367,1318.681,0.000
0.000,1164.934,2327.183,3484.043,4632.823,5770.848,6895.464,8004.055,9094.041,10162.901,11208.175,12227.483,13218.542,14179.176,15107.341,16001.136,16858.822,17678.839,18459.821,19200.608,19900.258,20558.055,21173.511,21746.369,22276.602,22764.404,23210.185,23614.552,23978.303,24302.401,24587.963,24836.236,25048.579,25226.441,25371.341,25484.853,25568.583,25624.159,25653.210,25657.355,25638.194,25597.297,25536.194,25456.369,25359.259,25246.241,25118.641,24977.720,24824.681,24660.665,24486.753,24303.967,24113.266,23915.555,23711.683,23502.442,23288.574,23070.770,22849.674,22625.884,22399.954,22172.398,21943.689,21714.266,21484.529,21254.848,21025.562,20796.980,20569.384,20343.030,20118.150,19894.956,19673.636,19454.360,19237.281,19022.533,18810.237,18600.497,18393.406,18189.044,17987.479,17788.770,17592.966,17400.108,17210.228,17023.351,16839.498,16658.681,16480.911,16306.190,16134.519,15965.895,15800.311,15637.761,15478.233,15321.715,15168.195,15017.657,14870.089,14725.475,14583.801,14445.052,14309.215,14176.278,14046.228,13919.056,13794.753,13673.310,13554.724,13438.990,13326.106,13216.072,13108.893,13004.570,12903.113,12804.531,12708.835,12616.040,12526.162,12439.220,12355.236,12274.233,12196.238,12121.279,12049.388,11980.596,11914.941,11852.458,11793.187,11737.170,11684.449,11635.071,11589.082,11546.531,11507.467,11471.943,11440.010,11411.725,11387.141,11366.316,11349.307,11336.173,11326.971,11321.763,11320.609,11323.569,11330.704,11342.077,11357.749,11377.781,11402.234,11431.171,11464.652,11502.739,11545.491,11592.968,11645.228,11702.331,11764.332,11831.289,11903.256,11980.286,12062.431,12149.741,12242.265,12340.049,12443.137,12551.572,12665.391,12784.633,12909.329,13039.510,13175.202,13316.427,13463.203,13615.543,13773.455,13936.940,14105.996,14280.612,14460.769,14646.442,14837.596,15034.187,15236.161,15443.451,15655.981,15873.656,16096.372,16324.005,16556.415,16793.440,17034.901,17280.593,17530.284,17783.719,18040.608,18300.630,18563.427,18828.602,19095.713,19364.272,19633.740,19903.519,20172.953,20441.318,20707.816,20971.575,21231.634,21486.946,21736.362,21978.632,22212.393,22436.168,22648.354,22847.225,23030.921,23197.451,23344.693,23470.397,23572.191,23647.592,23694.024,23708.835,23689.323,23632.771,23536.475,23397.791,23214.174,22983.223,22702.732,22370.729,21985.524,21545.749,21050.389,20498.815,19890.806,19226.561,18506.705,17732.286,16904.762,16025.978,15098.140,14123.776,13105.704,12046.981,10950.874,9820.811,8660.351,7473.152,6262.943,5033.503,3788.648,2532.212,1268.045,0.000
0.000,1148.867,2295.098,3436.037,4569.045,5691.500,6800.812,7894.426,8969.835,10024.590,11056.313,12062.711,13041.584,13990.849,14908.547,15792.863,16642.139,17454.888,18229.806,18965.786,19661.923,20317.523,20932.107,21505.407,22037.370,22528.150,22978.098,23387.755,23757.834,24089.211,24382.904,24640.059,24861.930,25049.862,25205.271,25329.631,25424.456,25491.283,25531.659,25547.132,25539.235,25509.479,25459.345,25390.275,25303.668,25200.876,25083.200,24951.886,24808.126,24653.053,24487.746,24313.225,24130.454,23940.343,23743.746,23541.467,23334.256,23122.816,22907.801,22689.821,22469.442,22247.190,22023.549,21798.970,21573.864,21348.612,21123.562,20899.033,20675.317,20452.677,20231.355,20011.569,19793.513,19577.366,19363.284,19151.407,18941.861,18734.755,18530.186,18328.235,18128.976,17932.469,17738.765,17547.908,17359.930,17174.861,16992.719,16813.521,16637.275,16463.986,16293.655,16126.278,15961.851,15800.365,15641.810,15486.174,15333.443,15183.604,15036.642,14892.542,14751.289,14612.870,14477.270,14344.477,14214.479,14087.266,13962.829,13841.160,13722.254,13606.109,13492.722,13382.094,13274.228,13169.129,13066.806,12967.267,12870.526,12776.598,12685.499,12597.250,12511.874,12429.395,12349.840,12273.239,12199.625,12129.030,12061.493,11997.050,11935.743,11877.616,11822.711,11771.076,11722.758,11677.808,11636.278,11598.218,11563.684,11532.732,11505.416,11481.796,11461.929,11445.873,11433.690,11425.439,11421.182,11420.979,11424.892,11432.983,11445.313,11461.944,11482.936,11508.351,11538.249,11572.691,11611.735,11655.440,11703.863,11757.061,11815.090,11878.004,11945.854,12018.692,12096.567,12179.526,12267.616,12360.877,12459.352,12563.077,12672.088,12786.416,12906.090,13031.133,13161.568,13297.409,13438.668,13585.351,13737.460,13894.989,14057.925,14226.250,14399.938,14578.952,14763.248,14952.773,15147.460,15347.232,15551.999,15761.658,15976.087,16195.152,16418.697,16646.548,16878.509,17114.359,17353.853,17596.717,17842.646,18091.303,18342.313,18595.262,18849.693,19105.102,19360.935,19616.583,19871.375,20124.579,20375.391,20622.933,20866.247,21104.290,21335.926,21559.923,21774.948,21979.560,22172.207,22351.225,22514.833,22661.134,22788.120,22893.671,22975.569,23031.504,23059.094,23055.898,23019.447,22947.264,22836.900,22685.969,22492.184,22253.394,21967.630,21633.135,21248.410,20812.242,20323.738,19782.346,19187.881,18540.530,17840.861,17089.821,16288.728,15439.250,14543.386,13603.438,12621.981,11601.826,10545.992,9457.670,8340.192,7197.006,6031.648,4847.725,3648.893,2438.846,1221.303,0.000
0.000,1135.511,2268.426,3396.135,4516.040,5625.568,6722.179,7803.373,8866.702,9909.781,10930.301,11926.036,12894.861,13834.766,14743.866,15620.414,16462.821,17269.659,18039.677,18771.809,19465.183,20119.124,20733.158,21307.013,21840.612,22334.077,22787.714,23202.005,23577.599,23915.297,24216.038,24480.884,24711.002,24907.650,25072.158,25205.918,25310.363,25386.957,25437.178,25462.510,25464.430,25444.400,25403.856,25344.204,25266.814,25173.011,25064.076,24941.242,24805.689,24658.545,24500.883,24333.724,24158.034,23974.728,23784.665,23588.654,23387.457,23181.782,22972.295,22759.615,22544.317,22326.937,22107.970,21887.873,21667.069,21445.948,21224.865,21004.147,20784.093,20564.974,20347.038,20130.507,19915.583,19702.448,19491.264,19282.175,19075.309,18870.779,18668.684,18469.109,18272.129,18077.805,17886.192,17697.333,17511.262,17328.008,17147.593,16970.030,16795.330,16623.497,16454.532,16288.433,16125.193,15964.803,15807.253,15652.531,15500.622,15351.513,15205.188,15061.632,14920.829,14782.766,14647.429,14514.803,14384.878,14257.642,14133.087,14011.206,13891.992,13775.444,13661.558,13550.337,13441.784,13335.904,13232.706,13132.200,13034.400,12939.321,12846.981,12757.402,12670.606,12586.620,12505.472,12427.193,12351.815,12279.375,12209.910,12143.461,12080.068,12019.776,11962.631,11908.680,11857.974,11810.563,11766.501,11725.839,11688.635,11654.945,11624.826,11598.336,11575.535,11556.483,11541.241,11529.869,11522.429,11518.983,11519.592,11524.319,11533.225,11546.370,11563.818,11585.627,11611.859,11642.572,11677.825,11717.675,11762.179,11811.390,11865.365,11924.154,11987.808,12056.375,12129.903,12208.436,12292.016,12380.682,12474.472,12573.420,12677.557,12786.908,12901.499,13021.349,13146.473,13276.881,13412.578,13553.566,13699.838,13851.381,14008.177,14170.197,14337.408,14509.765,14687.215,14869.695,15057.127,15249.426,15446.490,15648.204,15854.437,16065.041,16279.848,16498.671,16721.302,16947.507,17177.027,17409.574,17644.830,17882.444,18122.028,18363.156,18605.357,18848.118,19090.873,19333.003,19573.833,19812.624,20048.571,20280.800,20508.356,20730.210,20945.241,21152.244,21349.917,21536.861,21711.578,21872.467,22017.827,22145.853,22254.644,22342.206,22406.462,22445.260,22456.392,22437.607,22386.638,22301.219,22179.121,22018.180,21816.325,21571.618,21282.285,20946.751,20563.669,20131.955,19650.810,19119.743,18538.588,17907.517,17227.044,16498.025,15721.651,14899.437,14033.204,13125.057,12177.361,11192.716,10173.926,9123.972,8045.991,6943.242,5819.092,4676.989,3520.448,2353.032,1178.342,0.000
0.000,1124.823,2247.086,3364.210,4473.635,5572.826,6659.286,7730.558,8784.243,9818.009,10829.599,11816.848,12777.690,13710.172,14612.471,15482.898,16319.917,17122.149,17888.386,18617.600,19308.943,19961.756,20575.572,21150.112,21685.287,22181.191,22638.092,23056.430,23436.799,23779.942,24086.733,24358.164,24595.334,24799.429,24971.710,25113.500,25226.167,25311.113,25369.760,25403.538,25413.879,25402.201,25369.906,25318.369,25248.932,25162.901,25061.540,24946.069,24817.658,24677.430,24526.455,24365.753,24196.293,24018.990,23834.711,23644.269,23448.432,23247.916,23043.395,22835.494,22624.797,22411.848,22197.149,21981.166,21764.328,21547.030,21329.637,21112.480,20895.864,20680.065,20465.336,20251.904,20039.974,19829.732,19621.342,19414.953,19210.693,19008.679,18809.010,18611.773,18417.043,18224.885,18035.351,17848.486,17664.325,17482.895,17304.219,17128.309,16955.177,16784.825,16617.254,16452.461,16290.438,16131.176,15974.664,15820.889,15669.835,15521.488,15375.832,15232.850,15092.527,14954.848,14819.798,14687.364,14557.533,14430.293,14305.637,14183.556,14064.045,13947.100,13832.721,13720.908,13611.666,13505.000,13400.920,13299.435,13200.560,13104.312,13010.709,12919.774,12831.531,12746.007,12663.231,12583.236,12506.055,12431.726,12360.288,12291.781,12226.250,12163.740,12104.297,12047.973,11994.816,11944.880,11898.219,11854.888,11814.944,11778.445,11745.448,11716.015,11690.204,11668.078,11649.698,11635.125,11624.423,11617.652,11614.876,11616.157,11621.556,11631.134,11644.954,11663.075,11685.557,11712.459,11743.839,11779.752,11820.254,11865.399,11915.239,11969.825,12029.205,12093.426,12162.532,12236.565,12315.564,12399.567,12488.606,12582.712,12681.912,12786.228,12895.682,13010.286,13130.052,13254.984,13385.083,13520.342,13660.750,13806.287,13956.927,14112.637,14273.373,14439.084,14609.709,14785.173,14965.395,15150.276,15339.707,15533.561,15731.699,15933.960,16140.169,16350.125,16563.610,16780.380,17000.162,17222.659,17447.543,17674.450,17902.983,18132.706,18363.141,18593.764,18824.004,19053.239,19280.790,19505.919,19727.822,19945.633,20158.409,20365.135,20564.714,20755.967,20937.630,21108.349,21266.680,21411.087,21539.946,21651.542,21744.077,21815.672,21864.382,21888.198,21885.067,21852.908,21789.630,21693.153,21561.435,21392.500,21184.463,20935.562,20644.187,20308.909,19928.507,19501.998,19028.656,18508.032,17939.970,17324.621,16662.444,15954.210,15200.997,14404.184,13565.434,12686.681,11770.108,10818.126,9833.356,8818.597,7776.811,6711.095,5624.663,4520.827,3402.974,2274.552,1139.053,0.000
0.000,1116.772,2231.009,3340.158,4441.688,5533.092,6611.905,7675.705,8722.131,9748.890,10753.770,11734.650,12689.511,13616.450,14513.688,15379.585,16212.647,17011.536,17775.080,18502.277,19192.303,19844.514,20458.447,21033.823,21570.539,22068.671,22528.459,22950.308,23334.773,23682.547,23994.456,24271.438,24514.536,24724.880,24903.676,25052.192,25171.744,25263.685,25329.390,25370.249,25387.655,25382.994,25357.638,25312.936,25250.212,25170.753,25075.810,24966.593,24844.265,24709.944,24564.699,24409.548,24245.462,24073.358,23894.107,23708.527,23517.390,23321.420,23121.293,22917.643,22711.061,22502.094,22291.251,22079.004,21865.787,21652.002,21438.014,21224.163,21010.755,20798.072,20586.368,20375.873,20166.797,19959.325,19753.624,19549.844,19348.115,19148.554,18951.261,18756.323,18563.816,18373.803,18186.337,18001.463,17819.213,17639.617,17462.693,17288.456,17116.913,16948.067,16781.918,16618.461,16457.687,16299.586,16144.146,15991.350,15841.185,15693.633,15548.678,15406.302,15266.489,15129.222,14994.486,14862.267,14732.551,14605.327,14480.586,14358.319,14238.521,14121.188,14006.320,13893.917,13783.984,13676.526,13571.553,13469.078,13369.113,13271.676,13176.789,13084.472,12994.752,12907.658,12823.218,12741.468,12662.442,12586.179,12512.719,12442.105,12374.383,12309.598,12247.800,12189.039,12133.369,12080.843,12031.517,11985.447,11942.692,11903.310,11867.362,11834.909,11806.013,11780.734,11759.137,11741.284,11727.238,11717.062,11710.818,11708.570,11710.380,11716.309,11726.418,11740.768,11759.418,11782.427,11809.851,11841.746,11878.167,11919.166,11964.794,12015.100,12070.131,12129.931,12194.543,12264.006,12338.357,12417.629,12501.854,12591.057,12685.263,12784.492,12888.757,12998.069,13112.435,13231.854,13356.322,13485.826,13620.349,13759.867,13904.345,14053.745,14208.016,14367.100,14530.928,14699.419,14872.481,15050.010,15231.886,15417.977,15608.130,15802.180,15999.940,16201.202,16405.736,16613.290,16823.583,17036.310,17251.131,17467.678,17685.544,17904.288,18123.425,18342.428,18560.724,18777.688,18992.644,19204.856,19413.531,19617.810,19816.767,20009.405,20194.655,20371.368,20538.319,20694.200,20837.623,20967.119,21081.135,21178.044,21256.144,21313.666,21348.781,21359.612,21344.247,21300.752,21227.190,21121.643,20982.230,20807.134,20594.626,20343.091,20051.052,19717.200,19340.414,18919.789,18454.650,17944.577,17389.414,16789.281,16144.584,15456.011,14724.538,13951.419,13138.176,12286.590,11398.685,10476.709,9523.116,8540.550,7531.820,6499.882,5447.819,4378.822,3296.168,2203.207,1103.339,0.000
0.000,1111.331,2220.143,3323.902,4420.091,5506.227,6579.863,7638.604,8680.114,9702.131,10702.474,11679.055,12629.892,13553.117,14446.990,15309.905,16140.403,16937.177,17699.084,18425.146,19114.556,19766.683,20381.072,20957.443,21495.686,21995.862,22458.195,22883.062,23270.987,23622.632,23938.782,24220.336,24468.294,24683.745,24867.852,25021.842,25146.990,25244.613,25316.051,25362.664,25385.813,25386.861,25367.158,25328.035,25270.799,25196.725,25107.055,25002.991,24885.692,24756.272,24615.799,24465.292,24305.721,24138.008,23963.025,23781.594,23594.493,23402.447,23206.139,23006.207,22803.246,22597.806,22390.402,22181.509,21971.565,21760.973,21550.105,21339.300,21128.868,20919.092,20710.228,20502.508,20296.142,20091.315,19888.196,19686.934,19487.660,19290.489,19095.521,18902.844,18712.530,18524.644,18339.236,18156.348,17976.015,17798.261,17623.105,17450.559,17280.629,17113.317,16948.618,16786.528,16627.037,16470.131,16315.796,16164.017,16014.775,15868.053,15723.832,15582.094,15442.821,15305.995,15171.600,15039.620,14910.043,14782.854,14658.044,14535.606,14415.531,14297.818,14182.465,14069.473,13958.846,13850.590,13744.717,13641.237,13540.165,13441.521,13345.325,13251.600,13160.373,13071.674,12985.535,12901.989,12821.074,12742.831,12667.300,12594.527,12524.558,12457.441,12393.227,12331.969,12273.721,12218.537,12166.477,12117.597,12071.959,12029.621,11990.647,11955.097,11923.037,11894.527,11869.633,11848.419,11830.947,11817.283,11807.490,11801.630,11799.768,11801.964,11808.280,11818.777,11833.513,11852.547,11875.935,11903.733,11935.994,11972.769,12014.108,12060.059,12110.667,12165.975,12226.023,12290.848,12360.485,12434.965,12514.315,12598.559,12687.718,12781.808,12880.839,12984.818,13093.746,13207.620,13326.429,13450.158,13578.782,13712.272,13850.589,13993.687,14141.510,14293.993,14451.061,14612.626,14778.590,14948.840,15123.251,15301.680,15483.971,15669.949,15859.419,16052.166,16247.954,16446.522,16647.584,16850.826,17055.905,17262.444,17470.035,17678.230,17886.544,18094.448,18301.370,18506.686,18709.727,18909.763,19106.013,19297.630,19483.709,19663.275,19835.287,19998.630,20152.120,20294.497,20424.427,20540.505,20641.252,20725.121,20790.501,20835.722,20859.065,20858.770,20833.049,20780.099,20698.120,20585.330,20439.986,20260.407,20044.993,19792.247,19500.805,19169.449,18797.137,18383.019,17926.458,17427.045,16884.612,16299.246,15671.292,15001.362,14290.331,13539.338,12749.778,11923.294,11061.765,10167.295,9242.197,8288.973,7310.302,6309.018,5288.092,4250.614,3199.771,2138.830,1071.118,0.000
0.000,1108.485,2214.458,3315.390,4408.776,5492.139,6563.045,7619.112,8658.022,9677.529,10675.474,11649.791,12598.524,13519.831,14411.997,15273.443,16102.737,16898.597,17659.900,18385.688,19075.170,19727.728,20342.912,20920.443,21460.212,21962.270,22426.829,22854.250,23245.038,23599.828,23919.382,24204.571,24456.364,24675.821,24864.076,25022.327,25151.822,25253.850,25329.728,25380.794,25408.391,25413.863,25398.545,25363.759,25310.799,25240.933,25155.398,25055.392,24942.070,24816.546,24679.887,24533.114,24377.200,24213.065,24041.587,23863.591,23679.855,23491.109,23298.040,23101.288,22901.449,22699.078,22494.693,22288.768,22081.744,21874.026,21665.987,21457.967,21250.276,21043.198,20836.988,20631.879,20428.078,20225.772,20025.128,19826.293,19629.398,19434.555,19241.863,19051.408,18863.261,18677.483,18494.123,18313.222,18134.809,17958.909,17785.538,17614.704,17446.412,17280.661,17117.445,16956.756,16798.581,16642.907,16489.714,16338.987,16190.705,16044.848,15901.397,15760.331,15621.630,15485.275,15351.249,15219.535,15090.117,14962.984,14838.124,14715.527,14595.188,14477.103,14361.269,14247.688,14136.364,14027.305,13920.520,13816.022,13713.828,13613.955,13516.425,13421.264,13328.499,13238.161,13150.283,13064.900,12982.053,12901.781,12824.129,12749.142,12676.870,12607.362,12540.671,12476.851,12415.958,12358.049,12303.184,12251.423,12202.827,12157.458,12115.380,12076.656,12041.351,12009.531,11981.259,11956.601,11935.622,11918.387,11904.961,11895.408,11889.790,11888.170,11890.611,11897.172,11907.912,11922.891,11942.163,11965.784,11993.806,12026.280,12063.256,12104.778,12150.892,12201.638,12257.054,12317.176,12382.037,12451.664,12526.083,12605.315,12689.377,12778.282,12872.037,12970.645,13074.103,13182.404,13295.534,13413.470,13536.186,13663.647,13795.808,13932.618,14074.017,14219.932,14370.284,14524.979,14683.911,14846.964,15014.004,15184.884,15359.441,15537.493,15718.840,15903.261,16090.514,16280.333,16472.427,16666.478,16862.138,17059.028,17256.738,17454.819,17652.785,17850.110,18046.225,18240.513,18432.310,18620.901,18805.514,18985.324,19159.443,19326.924,19486.755,19637.859,19779.091,19909.241,20027.030,20131.113,20220.082,20292.466,20346.739,20381.324,20394.600,20384.912,20350.584,20289.928,20201.260,20082.916,19933.272,19750.757,19533.878,19281.239,18991.558,18663.691,18296.653,17889.633,17442.011,16953.376,16423.540,15852.547,15240.681,14588.472,13896.700,13166.394,12398.829,11595.523,10758.224,9888.907,8989.756,8063.154,7111.666,6138.022,5145.103,4135.914,3113.574,2081.286,1042.323,0.000
0.000,1108.228,2213.939,3314.603,4407.710,5490.785,6561.394,7617.158,8655.763,9674.973,10672.636,11646.701,12595.223,13516.379,14408.470,15269.937,16099.363,16895.485,17657.198,18383.559,19073.791,19727.285,20343.600,20922.462,21463.763,21967.552,22434.036,22863.568,23256.641,23613.880,23936.029,24223.943,24478.577,24700.970,24892.239,25053.566,25186.182,25291.362,25370.410,25424.649,25455.413,25464.038,25451.852,25420.169,25370.281,25303.453,25220.920,25123.877,25013.482,24890.849,24757.047,24613.099,24459.977,24298.608,24129.869,23954.587,23773.544,23587.472,23397.058,23202.944,23005.728,22805.966,22604.175,22400.831,22196.374,21991.210,21785.709,21580.212,21375.027,21170.437,20966.696,20764.033,20562.655,20362.747,20164.471,19967.974,19773.383,19580.808,19390.346,19202.077,19016.071,18832.386,18651.068,18472.153,18295.669,18121.637,17950.069,17780.971,17614.345,17450.186,17288.486,17129.233,16972.412,16818.006,16665.995,16516.359,16369.075,16224.122,16081.476,15941.117,15803.021,15667.169,15533.541,15402.119,15272.887,15145.830,15020.938,14898.198,14777.605,14659.155,14542.845,14428.677,14316.654,14206.784,14099.078,13993.548,13890.212,13789.088,13690.200,13593.573,13499.238,13407.224,13317.568,13230.306,13145.478,13063.129,12983.303,12906.048,12831.414,12759.454,12690.223,12623.775,12560.169,12499.465,12441.723,12387.006,12335.377,12286.899,12241.639,12199.662,12161.033,12125.819,12094.087,12065.903,12041.334,12020.444,12003.302,11989.970,11980.513,11974.995,11973.477,11976.020,11982.684,11993.526,12008.602,12027.968,12051.675,12079.773,12112.311,12149.333,12190.882,12236.998,12287.717,12343.074,12403.098,12467.815,12537.249,12611.418,12690.336,12774.013,12862.454,12955.657,13053.617,13156.322,13263.754,13375.888,13492.692,13614.126,13740.142,13870.685,14005.687,14145.074,14288.760,14436.645,14588.620,14744.562,14904.333,15067.782,15234.739,15405.018,15578.414,15754.704,15933.639,16114.951,16298.345,16483.501,16670.070,16857.672,17045.897,17234.297,17422.389,17609.652,17795.523,17979.392,18160.609,18338.469,18512.218,18681.051,18844.104,19000.456,19149.128,19289.081,19419.212,19538.358,19645.294,19738.736,19817.341,19879.712,19924.401,19949.915,19954.724,19937.267,19895.965,19829.232,19735.485,19613.161,19460.732,19276.723,19059.726,18808.422,18521.595,18198.155,17837.152,17437.798,16999.477,16521.762,16004.433,15447.482,14851.126,14215.812,13542.224,12831.284,12084.155,11302.232,10487.146,9640.753,8765.124,7862.536,6935.457,5986.533,5018.570,4034.513,3037.429,2030.481,1016.908,0.000
0.000,1110.562,2218.592,3321.547,4416.905,5502.176,6574.918,7632.743,8673.333,9694.446,10693.932,11669.740,12619.931,13542.687,14436.317,15299.273,16130.149,16927.695,17690.817,18418.584,19110.231,19765.160,20382.938,20963.299,21506.139,22011.513,22479.629,22910.839,23305.636,23664.640,23988.591,24278.341,24534.836,24759.111,24952.279,25115.513,25250.041,25357.133,25438.091,25494.234,25526.895,25537.409,25527.106,25497.299,25449.281,25384.321,25303.656,25208.484,25099.965,24979.218,24847.313,24705.276,24554.083,24394.663,24227.894,24054.607,23875.582,23691.554,23503.211,23311.193,23116.100,22918.485,22718.865,22517.714,22315.472,22112.540,21909.288,21706.053,21503.142,21300.832,21099.375,20898.997,20699.902,20502.270,20306.260,20112.015,19919.656,19729.292,19541.014,19354.899,19171.013,18989.408,18810.127,18633.203,18458.658,18286.511,18116.769,17949.434,17784.504,17621.972,17461.824,17304.046,17148.619,16995.522,16844.734,16696.229,16549.984,16405.974,16264.174,16124.558,15987.103,15851.787,15718.588,15587.486,15458.464,15331.506,15206.599,15083.733,14962.898,14844.092,14727.310,14612.555,14499.830,14389.142,14280.503,14173.927,14069.431,13967.034,13866.761,13768.639,13672.698,13578.972,13487.496,13398.309,13311.455,13226.977,13144.922,13065.342,12988.287,12913.812,12841.974,12772.831,12706.443,12642.871,12582.178,12524.430,12469.690,12418.025,12369.503,12324.191,12282.155,12243.465,12208.190,12176.396,12148.151,12123.523,12102.580,12085.385,12072.006,12062.504,12056.945,12055.387,12057.893,12064.518,12075.320,12090.353,12109.668,12133.316,12161.343,12193.793,12230.709,12272.129,12318.087,12368.617,12423.746,12483.500,12547.897,12616.955,12690.686,12769.095,12852.186,12939.955,13032.392,13129.482,13231.204,13337.528,13448.420,13563.836,13683.723,13808.022,13936.663,14069.565,14206.638,14347.780,14492.876,14641.800,14794.410,14950.549,15110.046,15272.710,15438.333,15606.688,15777.526,15950.575,16125.540,16302.101,16479.907,16658.581,16837.715,17016.864,17195.553,17373.264,17549.444,17723.496,17894.780,18062.609,18226.248,18384.912,18537.763,18683.911,18822.410,18952.258,19072.395,19181.707,19279.020,19363.108,19432.692,19486.443,19522.985,19540.904,19538.751,19515.049,19468.308,19397.025,19299.709,19174.879,19021.090,18836.942,18621.095,18372.288,18089.356,17771.240,17417.014,17025.892,16597.247,16130.627,15625.764,15082.592,14501.251,13882.102,13225.730,12532.950,11804.812,11042.599,10247.827,9422.242,8567.814,7686.728,6781.369,5854.318,4908.322,3946.288,2971.253,1986.364,994.850,0.000
0.000,1115.502,2228.448,3336.267,4436.413,5526.374,6603.687,7665.944,8710.810,9736.029,10739.440,11718.984,12672.715,13598.812,14495.586,15361.489,16195.122,16995.240,17760.757,18490.752,19184.470,19841.323,20460.888,21042.910,21587.294,22094.106,22563.560,22996.018,23391.978,23752.069,24077.036,24367.735,24625.119,24850.230,25044.184,25208.161,25343.396,25451.165,25532.775,25589.554,25622.843,25633.983,25624.312,25595.150,25547.801,25483.537,25403.604,25309.206,25201.510,25081.639,24950.669,24809.629,24659.498,24501.208,24335.640,24163.624,23985.943,23803.331,23616.473,23426.010,23232.539,23036.612,22838.741,22639.398,22439.020,22238.003,22036.713,21835.482,21634.613,21434.379,21235.027,21036.777,20839.827,20644.354,20450.510,20258.433,20068.241,19880.034,19693.900,19509.910,19328.125,19148.592,18971.349,18796.424,18623.835,18453.593,18285.703,18120.162,17956.963,17796.094,17637.538,17481.277,17327.287,17175.544,17026.022,16878.693,16733.531,16590.507,16449.592,16310.759,16173.983,16039.238,15906.500,15775.748,15646.963,15520.127,15395.226,15272.248,15151.185,15032.030,14914.782,14799.440,14686.010,14574.498,14464.916,14357.277,14251.601,14147.907,14046.222,13946.573,13848.992,13753.514,13660.176,13569.019,13480.087,13393.427,13309.089,13227.123,13147.585,13070.531,12996.020,12924.111,12854.868,12788.354,12724.635,12663.778,12605.848,12550.916,12499.049,12450.319,12404.793,12362.543,12323.638,12288.148,12256.143,12227.691,12202.860,12181.718,12164.331,12150.763,12141.078,12135.337,12133.603,12135.932,12142.380,12153.002,12167.850,12186.973,12210.417,12238.227,12270.442,12307.100,12348.236,12393.880,12444.059,12498.795,12558.107,12622.009,12690.511,12763.617,12841.327,12923.634,13010.526,13101.986,13197.987,13298.499,13403.483,13512.892,13626.670,13744.755,13867.071,13993.536,14124.056,14258.526,14396.827,14538.829,14684.388,14833.345,14985.523,15140.733,15298.763,15459.384,15622.347,15787.380,15954.187,16122.450,16291.821,16461.926,16632.359,16802.684,16972.431,17141.093,17308.126,17472.947,17634.931,17793.410,17947.669,18096.947,18240.433,18377.269,18506.542,18627.288,18738.493,18839.086,18927.947,19003.906,19065.743,19112.193,19141.950,19153.668,19145.974,19117.466,19066.729,18992.340,18892.877,18766.935,18613.134,18430.133,18216.645,17971.453,17693.419,17381.507,17034.792,16652.479,16233.915,15778.606,15286.229,14756.646,14189.914,13586.298,12946.280,12270.566,11560.090,10816.024,10039.775,9232.985,8397.531,7535.514,6649.256,5741.282,4814.306,3871.214,2915.039,1948.935,976.151,0.000
0.000,1123.074,2243.555,3358.835,4466.331,5563.498,6647.838,7716.915,8768.363,9799.902,10809.350,11794.626,12753.771,13684.952,14586.471,15456.776,16294.464,17098.294,17867.184,18600.219,19296.652,19955.907,20577.573,21161.409,21707.334,22215.426,22685.918,23119.185,23515.743,23876.235,24201.424,24492.181,24749.478,24974.371,25167.994,25331.545,25466.274,25573.477,25654.476,25710.616,25743.255,25753.750,25743.453,25713.701,25665.808,25601.063,25520.719,25425.994,25318.061,25198.053,25067.050,24926.088,24776.151,24618.172,24453.033,24281.567,24104.555,23922.729,23736.773,23547.326,23354.980,23160.283,22963.743,22765.827,22566.965,22367.549,22167.939,21968.460,21769.408,21571.051,21373.627,21177.353,20982.417,20788.990,20597.219,20407.233,20219.144,20033.048,19849.022,19667.135,19487.438,19309.975,19134.775,18961.862,18791.247,18622.937,18456.929,18293.217,18131.788,17972.624,17815.705,17661.006,17508.500,17358.158,17209.951,17063.847,16919.813,16777.820,16637.835,16499.828,16363.770,16229.632,16097.390,15967.020,15838.499,15711.810,15586.935,15463.864,15342.585,15223.092,15105.381,14989.455,14875.315,14762.971,14652.433,14543.717,14436.840,14331.826,14228.700,14127.491,14028.233,13930.962,13835.717,13742.542,13651.482,13562.586,13475.904,13391.493,13309.407,13229.707,13152.452,13077.706,13005.535,12936.003,12869.179,12805.132,12743.932,12685.649,12630.355,12578.121,12529.019,12483.122,12440.501,12401.229,12365.376,12333.013,12304.209,12279.033,12257.552,12239.832,12225.937,12215.931,12209.875,12207.826,12209.842,12215.977,12226.282,12240.807,12259.597,12282.697,12310.145,12341.979,12378.232,12418.932,12464.106,12513.774,12567.954,12626.657,12689.892,12757.660,12829.960,12906.781,12988.110,13073.926,13164.201,13258.902,13357.986,13461.402,13569.095,13680.997,13797.031,13917.111,14041.140,14169.011,14300.603,14435.783,14574.405,14716.307,14861.314,15009.232,15159.850,15312.939,15468.250,15625.512,15784.433,15944.694,16105.954,16267.843,16429.961,16591.880,16753.139,16913.242,17071.659,17227.821,17381.121,17530.909,17676.495,17817.142,17952.070,18080.449,18201.405,18314.012,18417.296,18510.237,18591.763,18660.757,18716.056,18756.458,18780.717,18787.556,18775.666,18743.714,18690.352,18614.222,18513.967,18388.239,18235.713,18055.094,17845.132,17604.638,17332.490,17027.655,16689.197,16316.295,15908.257,15464.534,14984.733,14468.632,13916.197,13327.586,12703.170,12043.538,11349.509,10622.139,9862.724,9072.809,8254.180,7408.869,6539.141,5647.485,4736.601,3809.375,2868.861,1918.250,960.839,0.000
0.000,1133.316,2263.989,3389.362,4506.805,5613.725,6707.581,7785.891,8846.253,9886.349,10903.961,11896.983,12863.429,13801.443,14709.313,15585.474,16428.516,17237.194,18010.426,18747.303,19447.087,20109.210,20733.278,21319.066,21866.511,22375.712,22846.924,23280.547,23677.120,24037.312,24361.913,24651.822,24908.036,25131.641,25323.799,25485.737,25618.733,25724.109,25803.216,25857.426,25888.122,25896.685,25884.491,25852.897,25803.239,25736.821,25654.915,25558.751,25449.515,25328.348,25196.342,25054.537,24903.921,24745.432,24579.952,24408.313,24231.296,24049.630,23863.997,23675.029,23483.315,23289.396,23093.773,22896.908,22699.221,22501.099,22302.892,22104.919,21907.466,21710.792,21515.129,21320.684,21127.638,20936.152,20746.366,20558.401,20372.361,20188.332,20006.387,19826.584,19648.970,19473.579,19300.434,19129.552,18960.937,18794.589,18630.501,18468.659,18309.043,18151.632,17996.397,17843.311,17692.341,17543.452,17396.611,17251.782,17108.928,16968.014,16829.006,16691.869,16556.571,16423.082,16291.372,16161.416,16033.190,15906.673,15781.848,15658.700,15537.220,15417.398,15299.232,15182.721,15067.869,14954.685,14843.179,14733.368,14625.270,14518.909,14414.312,14311.510,14210.537,14111.431,14014.234,13918.990,13825.748,13734.557,13645.474,13558.552,13473.853,13391.436,13311.367,13233.710,13158.533,13085.905,13015.896,12948.577,12884.022,12822.303,12763.495,12707.671,12654.906,12605.274,12558.849,12515.706,12475.916,12439.553,12406.688,12377.390,12351.729,12329.771,12311.582,12297.227,12286.766,12280.260,12277.764,12279.334,12285.021,12294.875,12308.942,12327.263,12349.880,12376.826,12408.136,12443.837,12483.953,12528.505,12577.507,12630.971,12688.902,12751.301,12818.163,12889.477,12965.227,13045.390,13129.935,13218.827,13312.021,13409.465,13511.098,13616.852,13726.648,13840.398,13958.002,14079.350,14204.322,14332.781,14464.582,14599.561,14737.542,14878.331,15021.719,15167.477,15315.358,15465.093,15616.394,15768.947,15922.415,16076.435,16230.616,16384.539,16537.753,16689.775,16840.091,16988.148,17133.358,17275.095,17412.689,17545.433,17672.575,17793.320,17906.829,18012.214,18108.547,18194.850,18270.102,18333.238,18383.151,18418.693,18438.679,18441.892,18427.083,18392.982,18338.298,18261.732,18161.978,18037.739,17887.728,17710.688,17505.392,17270.663,17005.385,16708.511,16379.080,16016.233,15619.221,15187.426,14720.374,14217.745,13679.397,13105.374,12495.923,11851.509,11172.825,10460.807,9716.638,8941.764,8137.886,7306.970,6451.238,5573.159,4675.434,3760.977,2832.890,1894.430,948.979,0.000
0.000,1146.276,2289.846,3427.993,4558.025,5677.292,6783.192,7873.191,8944.834,9995.755,11023.692,12026.497,13002.149,13948.764,14864.603,15748.082,16597.779,17412.439,18190.980,18932.493,19636.249,20301.693,20928.447,21516.305,22065.230,22575.347,23046.939,23480.439,23876.419,24235.584,24558.759,24846.884,25100.993,25322.212,25511.743,25670.851,25800.857,25903.119,25979.027,26029.990,26057.425,26062.747,26047.362,26012.657,25959.993,25890.697,25806.062,25707.335,25595.720,25472.368,25338.380,25194.805,25042.636,24882.813,24716.220,24543.689,24365.996,24183.868,23997.982,23808.963,23617.393,23423.806,23228.695,23032.511,22835.668,22638.540,22441.468,22244.761,22048.697,21853.523,21659.460,21466.707,21275.434,21085.792,20897.912,20711.906,20527.866,20345.872,20165.987,19988.260,19812.729,19639.419,19468.348,19299.522,19132.940,18968.593,18806.466,18646.539,18488.787,18333.180,18179.685,18028.267,17878.888,17731.510,17586.091,17442.591,17300.971,17161.190,17023.209,16886.991,16752.498,16619.699,16488.560,16359.054,16231.155,16104.838,15980.086,15856.882,15735.215,15615.075,15496.458,15379.364,15263.797,15149.765,15037.278,14926.355,14817.013,14709.279,14603.180,14498.749,14396.021,14295.036,14195.839,14098.475,14002.994,13909.451,13817.902,13728.405,13641.022,13555.819,13472.860,13392.215,13313.953,13238.147,13164.870,13094.195,13026.199,12960.957,12898.546,12839.043,12782.525,12729.068,12678.748,12631.643,12587.827,12547.374,12510.358,12476.850,12446.920,12420.638,12398.069,12379.280,12364.332,12353.286,12346.200,12343.128,12344.123,12349.233,12358.505,12371.982,12389.701,12411.700,12438.008,12468.655,12503.663,12543.050,12586.832,12635.017,12687.610,12744.610,12806.010,12871.798,12941.955,13016.457,13095.271,13178.360,13265.677,13357.168,13452.771,13552.415,13656.019,13763.495,13874.740,13989.645,14108.086,14229.928,14355.023,14483.210,14614.312,14748.136,14884.474,15023.101,15163.771,15306.221,15450.165,15595.297,15741.286,15887.777,16034.388,16180.713,16326.312,16470.718,16613.432,16753.920,16891.614,17025.911,17156.169,17281.707,17401.805,17515.701,17622.593,17721.634,17811.936,17892.568,17962.557,18020.887,18066.505,18098.318,18115.195,18115.974,18099.465,18064.450,18009.691,17933.939,17835.932,17714.412,17568.125,17395.835,17196.329,16968.434,16711.020,16423.016,16103.422,15751.326,15365.910,14946.470,14492.434,14003.373,13479.020,12919.290,12324.294,11694.356,11030.036,10332.137,9601.727,8840.143,8049.006,7230.220,6385.970,5518.722,4631.197,3726.363,2807.400,1877.668,940.669,0.000
0.000,1162.016,2321.250,3474.912,4620.236,5754.497,6875.026,7979.221,9064.561,10128.619,11169.079,12183.740,13170.536,14127.542,15052.987,15945.260,16802.920,17624.699,18409.510,19156.446,19864.785,20533.985,21163.688,21753.712,22304.049,22814.858,23286.457,23719.321,24114.064,24471.437,24792.313,25077.678,25328.621,25546.316,25732.017,25887.042,26012.761,26110.584,26181.950,26228.314,26251.137,26251.878,26231.981,26192.869,26135.934,26062.534,25973.986,25871.559,25756.475,25629.899,25492.945,25346.669,25192.070,25030.090,24861.614,24687.471,24508.436,24325.229,24138.519,23948.926,23757.021,23563.330,23368.333,23172.472,22976.147,22779.724,22583.529,22387.862,22192.985,21999.136,21806.525,21615.336,21425.729,21237.845,21051.801,20867.699,20685.623,20505.639,20327.801,20152.148,19978.709,19807.500,19638.529,19471.793,19307.282,19144.981,18984.865,18826.907,18671.074,18517.330,18365.635,18215.946,18068.221,17922.413,17778.478,17636.369,17496.041,17357.449,17220.549,17085.300,16951.662,16819.598,16689.073,16560.055,16432.515,16306.429,16181.775,16058.536,15936.697,15816.250,15697.190,15579.514,15463.228,15348.339,15234.859,15122.805,15012.197,14903.062,14795.428,14689.331,14584.806,14481.897,14380.649,14281.111,14183.335,14087.377,13993.297,13901.156,13811.019,13722.953,13637.028,13553.315,13471.887,13392.819,13316.187,13242.069,13170.543,13101.688,13035.584,12972.310,12911.946,12854.571,12800.265,12749.106,12701.171,12656.536,12615.277,12577.469,12543.181,12512.486,12485.451,12462.143,12442.625,12426.958,12415.202,12407.410,12403.637,12403.931,12408.339,12416.903,12429.662,12446.652,12467.902,12493.441,12523.290,12557.467,12595.986,12638.855,12686.077,12737.650,12793.565,12853.809,12918.362,12987.197,13060.282,13137.575,13219.030,13304.591,13394.194,13487.767,13585.228,13686.487,13791.443,13899.983,14011.984,14127.313,14245.820,14367.345,14491.713,14618.734,14748.201,14879.893,15013.568,15148.968,15285.813,15423.804,15562.619,15701.911,15841.311,15980.423,16118.823,16256.060,16391.651,16525.085,16655.814,16783.260,16906.808,17025.807,17139.568,17247.364,17348.430,17441.960,17527.108,17602.987,17668.672,17723.198,17765.560,17794.718,17809.593,17809.077,17792.029,17757.283,17703.647,17629.914,17534.861,17417.260,17275.881,17109.500,16916.909,16696.924,16448.392,16170.206,15861.315,15520.736,15147.568,14741.008,14300.368,13825.092,13314.773,12769.177,12188.261,11572.196,10921.388,10236.497,9518.459,8768.501,7988.155,7179.265,6343.991,5484.804,4604.469,3706.034,2792.791,1868.240,936.050,0.000
0.000,1180.610,2358.350,3530.340,4693.728,5845.704,6983.513,8104.474,9205.987,10285.553,11340.784,12369.419,13369.334,14338.555,15275.269,16177.831,17044.774,17874.815,18666.857,19419.994,20133.512,20806.884,21439.774,22032.031,22583.679,23094.918,23566.113,23997.785,24390.602,24745.371,25063.023,25344.605,25591.267,25804.248,25984.865,26134.500,26254.587,26346.598,26412.031,26452.399,26469.219,26464.000,26438.233,26393.384,26330.887,26252.131,26158.465,26051.182,25931.525,25800.677,25659.764,25509.850,25351.940,25186.979,25015.852,24839.384,24658.345,24473.448,24285.354,24094.673,23901.963,23707.740,23512.471,23316.585,23120.468,22924.471,22728.909,22534.064,22340.187,22147.502,21956.203,21766.463,21578.427,21392.223,21207.958,21025.719,20845.577,20667.589,20491.796,20318.227,20146.898,19977.817,19810.980,19646.376,19483.985,19323.781,19165.734,19009.805,18855.955,18704.139,18554.310,18406.419,18260.414,18116.245,17973.859,17833.206,17694.233,17556.891,17421.131,17286.908,17154.177,17022.896,16893.029,16764.539,16637.396,16511.572,16387.043,16263.790,16141.798,16021.056,15901.558,15783.303,15666.294,15550.540,15436.052,15322.848,15210.950,15100.385,14991.183,14883.380,14777.016,14672.135,14568.784,14467.015,14366.882,14268.446,14171.767,14076.911,13983.945,13892.940,13803.968,13717.104,13632.425,13550.008,13469.933,13392.282,13317.134,13244.574,13174.683,13107.544,13043.239,12981.852,12923.464,12868.155,12816.006,12767.096,12721.503,12679.301,12640.566,12605.368,12573.779,12545.866,12521.693,12501.323,12484.816,12472.227,12463.611,12459.016,12458.490,12462.076,12469.811,12481.731,12497.867,12518.244,12542.885,12571.807,12605.023,12642.540,12684.359,12730.478,12780.887,12835.572,12894.510,12957.675,13025.032,13096.539,13172.149,13251.803,13335.438,13422.981,13514.348,13609.450,13708.185,13810.440,13916.093,14025.011,14137.045,14252.039,14369.817,14490.193,14612.965,14737.914,14864.805,14993.385,15123.382,15254.504,15386.439,15518.852,15651.385,15783.657,15915.258,16045.755,16174.685,16301.557,16425.848,16547.004,16664.440,16777.534,16885.630,16988.039,17084.030,17172.840,17253.665,17325.663,17387.956,17439.626,17479.719,17507.243,17521.173,17520.447,17503.974,17470.632,17419.275,17348.729,17257.806,17145.301,17009.999,16850.684,16666.140,16455.164,16216.571,15949.205,15651.948,15323.736,14963.569,14570.528,14143.792,13682.657,13186.558,12655.091,12088.037,11485.392,10847.388,10174.522,9467.583,8727.674,7956.229,7155.031,6326.217,5472.277,4596.043,3700.670,2789.599,1866.519,935.313,0.000
0.000,1202.147,2401.321,3594.540,4778.851,5951.344,7109.166,8249.541,9369.776,10467.286,11539.602,12584.385,13599.444,14582.744,15532.422,16446.792,17324.356,18163.809,18964.042,19724.151,20443.427,21121.364,21757.651,22352.170,22904.988,23416.353,23886.681,24316.553,24706.700,25057.993,25371.436,25648.148,25889.352,26096.365,26270.581,26413.458,26526.505,26611.269,26669.321,26702.242,26711.615,26699.009,26665.972,26614.020,26544.633,26459.241,26359.225,26245.911,26120.561,25984.379,25838.505,25684.011,25521.908,25353.143,25178.599,24999.097,24815.400,24628.211,24438.182,24245.909,24051.938,23856.769,23660.856,23464.610,23268.403,23072.569,22877.407,22683.183,22490.132,22298.462,22108.352,21919.957,21733.411,21548.824,21366.291,21185.884,21007.661,20831.666,20657.926,20486.460,20317.271,20150.355,19985.697,19823.276,19663.061,19505.018,19349.103,19195.273,19043.477,18893.661,18745.772,18599.752,18455.543,18313.086,18172.322,18033.195,17895.646,17759.619,17625.063,17491.925,17360.156,17229.712,17100.550,16972.632,16845.924,16720.396,16596.020,16472.778,16350.650,16229.626,16109.699,15990.866,15873.132,15756.503,15640.993,15526.619,15413.406,15301.380,15190.574,15081.026,14972.777,14865.873,14760.364,14656.305,14553.754,14452.771,14353.423,14255.778,14159.905,14065.880,13973.779,13883.678,13795.659,13709.803,13626.194,13544.915,13466.052,13389.690,13315.915,13244.814,13176.472,13110.974,13048.406,12988.851,12932.392,12879.111,12829.088,12782.400,12739.123,12699.333,12663.100,12630.493,12601.580,12576.424,12555.086,12537.622,12524.087,12514.531,12509.002,12507.541,12510.189,12516.980,12527.945,12543.109,12562.494,12586.117,12613.990,12646.119,12682.505,12723.145,12768.028,12817.139,12870.455,12927.946,12989.579,13055.311,13125.093,13198.866,13276.566,13358.119,13443.443,13532.447,13625.030,13721.079,13820.475,13923.083,14028.760,14137.348,14248.677,14362.565,14478.812,14597.206,14717.518,14839.501,14962.892,15087.409,15212.749,15338.590,15464.587,15590.374,15715.559,15839.726,15962.434,16083.214,16201.567,16316.968,16428.858,16536.649,16639.719,16737.412,16829.041,16913.879,16991.168,17060.110,17119.873,17169.587,17208.348,17235.212,17249.201,17249.303,17234.472,17203.630,17155.666,17089.445,17003.803,16897.555,16769.496,16618.409,16443.063,16242.230,16014.680,15759.199,15474.591,15159.696,14813.399,14434.648,14022.470,13575.993,13094.469,12577.300,12024.068,11434.562,10808.817,10147.141,9450.153,8718.810,7954.438,7158.749,6333.859,5482.290,4606.958,3711.159,2798.527,1872.990,938.707,0.000
0.000,1226.728,2450.367,3667.817,4876.008,6071.918,7252.580,8415.107,9556.701,10674.674,11766.460,12829.633,13861.920,14861.216,15825.595,16753.324,17642.866,18492.890,19302.276,20070.116,20795.713,21478.581,22118.440,22715.212,23269.011,23780.142,24249.083,24676.483,25063.146,25410.024,25718.200,25988.880,26223.374,26423.089,26589.508,26724.181,26828.707,26904.719,26953.872,26977.831,26978.251,26956.776,26915.017,26854.551,26776.908,26683.564,26575.940,26455.392,26323.212,26180.621,26028.773,25868.753,25701.574,25528.184,25349.462,25166.224,24979.223,24789.153,24596.649,24402.294,24206.619,24010.106,23813.191,23616.268,23419.690,23223.771,23028.794,22835.005,22642.622,22451.834,22262.802,22075.666,21890.541,21707.524,21526.690,21348.098,21171.791,20997.798,20826.134,20656.801,20489.792,20325.090,20162.667,20002.490,19844.519,19688.706,19535.000,19383.345,19233.682,19085.949,18940.081,18796.014,18653.681,18513.016,18373.954,18236.428,18100.377,17965.738,17832.453,17700.463,17569.718,17440.166,17311.761,17184.462,17058.230,16933.033,16808.843,16685.635,16563.392,16442.100,16321.751,16202.343,16083.879,15966.366,15849.819,15734.256,15619.700,15506.182,15393.735,15282.399,15172.217,15063.238,14955.514,14849.104,14744.067,14640.469,14538.378,14437.865,14339.006,14241.877,14146.559,14053.132,13961.682,13872.294,13785.055,13700.052,13617.374,13537.112,13459.354,13384.190,13311.710,13242.001,13175.153,13111.252,13050.384,12992.634,12938.083,12886.812,12838.901,12794.424,12753.457,12716.069,12682.330,12652.303,12626.051,12603.633,12585.103,12570.514,12559.911,12553.338,12550.836,12552.438,12558.175,12568.074,12582.156,12600.437,12622.927,12649.635,12680.559,12715.696,12755.034,12798.557,12846.242,12898.059,12953.973,13013.941,13077.913,13145.831,13217.629,13293.235,13372.565,13455.530,13542.029,13631.952,13725.178,13821.578,13921.008,14023.316,14128.334,14235.884,14345.773,14457.793,14571.723,14687.325,14804.343,14922.507,15041.525,15161.088,15280.865,15400.507,15519.640,15637.868,15754.771,15869.903,15982.792,16092.941,16199.821,16302.877,16401.521,16495.136,16583.071,16664.644,16739.139,16805.803,16863.852,16912.462,16950.777,16977.903,16992.911,16994.833,16982.669,16955.381,16911.896,16851.108,16771.880,16673.039,16553.389,16411.705,16246.738,16057.223,15841.881,15599.427,15328.578,15028.064,14696.640,14333.102,13936.304,13505.184,13038.785,12536.285,11997.035,11420.588,10806.746,10155.596,9467.553,8743.406,7984.347,7192.006,6368.475,5516.312,4638.543,3738.638,2820.472,1888.273,946.549,0.000
0.000,1254.471,2505.719,3750.516,4985.661,6207.999,7414.437,8601.961,9767.652,10908.701,12022.434,13106.318,14157.988,15175.255,16156.122,17098.796,18001.698,18863.467,19682.968,20459.290,21191.749,21879.883,22523.448,23122.413,23676.949,24187.423,24654.388,25078.571,25460.861,25802.299,26104.066,26367.463,26593.905,26784.900,26942.038,27066.973,27161.407,27227.077,27265.734,27279.137,27269.032,27237.139,27185.149,27114.703,27027.391,26924.742,26808.218,26679.212,26539.042,26388.953,26230.113,26063.614,25890.475,25711.640,25527.987,25340.320,25149.382,24955.852,24760.350,24563.440,24365.635,24167.397,23969.142,23771.241,23574.029,23377.798,23182.808,22989.287,22797.431,22607.409,22419.364,22233.416,22049.662,21868.179,21689.028,21512.249,21337.870,21165.903,20996.348,20829.194,20664.418,20501.989,20341.869,20184.010,20028.359,19874.859,19723.445,19574.053,19426.612,19281.050,19137.294,18995.270,18854.902,18716.117,18578.840,18443.001,18308.528,18175.352,18043.411,17912.640,17782.982,17654.381,17526.788,17400.158,17274.447,17149.621,17025.648,16902.502,16780.164,16658.619,16537.858,16417.877,16298.680,16180.274,16062.674,15945.899,15829.974,15714.929,15600.802,15487.633,15375.468,15264.359,15154.362,15045.535,14937.944,14831.657,14726.745,14623.285,14521.354,14421.034,14322.409,14225.564,14130.588,14037.569,13946.601,13857.773,13771.180,13686.915,13605.070,13525.740,13449.018,13374.995,13303.764,13235.415,13170.036,13107.715,13048.537,12992.586,12939.943,12890.686,12844.892,12802.632,12763.978,12728.996,12697.749,12670.296,12646.695,12626.997,12611.250,12599.499,12591.783,12588.137,12588.592,12593.175,12601.906,12614.801,12631.872,12653.124,12678.558,12708.168,12741.942,12779.865,12821.913,12868.055,12918.256,12972.471,13030.652,13092.740,13158.671,13228.370,13301.757,13378.741,13459.223,13543.097,13630.241,13720.530,13813.823,13909.971,14008.811,14110.170,14213.860,14319.682,14427.420,14536.846,14647.715,14759.766,14872.721,14986.285,15100.143,15213.962,15327.388,15440.044,15551.535,15661.438,15769.310,15874.681,15977.054,16075.908,16170.691,16260.822,16345.694,16424.665,16497.062,16562.181,16619.281,16667.590,16706.300,16734.565,16751.502,16756.193,16747.679,16724.963,16687.009,16632.741,16561.042,16470.755,16360.686,16229.599,16076.224,15899.255,15697.354,15469.160,15213.289,14928.351,14612.953,14265.722,13885.320,13470.465,13019.962,12532.735,12007.864,11444.628,10842.553,10201.464,9521.535,8803.344,8047.921,7256.792,6432.013,5576.187,4692.466,3784.534,2856.562,1913.150,959.236,0.000
0.000,1285.504,2567.640,3843.031,5108.329,6360.235,7595.512,8811.000,10003.641,11170.492,12308.749,13415.761,14489.051,15526.335,16525.532,17484.783,18402.457,19277.159,20107.736,20893.278,21633.115,22326.813,22974.173,23575.215,24130.177,24639.500,25103.821,25523.956,25900.892,26235.773,26529.888,26784.651,27001.594,27182.344,27328.611,27442.170,27524.842,27578.480,27604.951,27606.118,27583.828,27539.897,27476.098,27394.149,27295.706,27182.354,27055.603,26916.884,26767.547,26608.855,26441.993,26268.060,26088.078,25902.987,25713.656,25520.880,25325.385,25127.834,24928.828,24728.909,24528.569,24328.245,24128.331,23929.176,23731.087,23534.335,23339.157,23145.756,22954.306,22764.956,22577.824,22393.012,22210.595,22030.632,21853.163,21678.212,21505.787,21335.885,21168.489,21003.571,20841.095,20681.014,20523.275,20367.818,20214.578,20063.482,19914.458,19767.425,19622.305,19479.013,19337.468,19197.585,19059.279,18922.468,18787.070,18653.006,18520.197,18388.569,18258.050,18128.572,18000.070,17872.486,17745.764,17619.855,17494.713,17370.298,17246.578,17123.524,17001.114,16879.331,16758.167,16637.616,16517.682,16398.373,16279.703,16161.693,16044.369,15927.764,15811.915,15696.867,15582.667,15469.371,15357.035,15245.725,15135.507,15026.454,14918.642,14812.149,14707.059,14603.456,14501.429,14401.069,14302.467,14205.718,14110.918,14018.162,13927.547,13839.172,13753.134,13669.531,13588.459,13510.015,13434.295,13361.391,13291.396,13224.402,13160.495,13099.763,13042.290,12988.157,12937.440,12890.217,12846.559,12806.535,12770.208,12737.641,12708.891,12684.010,12663.049,12646.052,12633.059,12624.106,12619.223,12618.438,12621.771,12629.239,12640.852,12656.616,12676.531,12700.591,12728.785,12761.096,12797.500,12837.966,12882.459,12930.935,12983.344,13039.629,13099.724,13163.558,13231.050,13302.111,13376.644,13454.542,13535.689,13619.962,13707.223,13797.327,13890.118,13985.426,14083.071,14182.861,14284.589,14388.036,14492.967,14599.134,14706.273,14814.102,14922.323,15030.622,15138.664,15246.095,15352.542,15457.609,15560.880,15661.916,15760.252,15855.401,15946.848,16034.053,16116.448,16193.434,16264.386,16328.643,16385.515,16434.278,16474.173,16504.404,16524.137,16532.500,16528.579,16511.418,16480.018,16433.332,16370.265,16289.676,16190.369,16071.099,15930.570,15767.431,15580.283,15367.679,15128.128,14860.105,14562.058,14232.424,13869.648,13472.203,13038.625,12567.542,12057.722,11508.123,10917.945,10286.695,9614.255,8900.943,8147.584,7355.567,6526.892,5664.205,4770.803,3850.626,2908.204,1948.594,977.269,0.000
0.000,1319.976,2636.421,3945.797,5244.596,6529.354,7796.672,9043.230,10265.810,11461.316,12626.795,13759.459,14856.704,15916.132,16935.570,17913.078,18846.968,19735.808,20578.425,21373.909,22121.609,22821.128,23472.313,24075.252,24630.255,25137.850,25598.767,26013.925,26384.423,26711.521,26996.628,27241.290,27447.169,27616.027,27749.712,27850.137,27919.259,27959.065,27971.550,27958.701,27922.477,27864.802,27787.542,27692.500,27581.406,27455.906,27317.564,27167.849,27008.142,26839.730,26663.810,26481.487,26293.782,26101.630,25905.888,25707.336,25506.683,25304.569,25101.573,24898.214,24694.955,24492.209,24290.342,24089.677,23890.493,23693.037,23497.517,23304.112,23112.971,22924.217,22737.947,22554.239,22373.145,22194.705,22018.937,21845.845,21675.419,21507.636,21342.464,21179.856,21019.760,20862.115,20706.851,20553.895,20403.166,20254.580,20108.050,19963.486,19820.795,19679.883,19540.657,19403.022,19266.884,19132.151,18998.732,18866.541,18735.490,18605.498,18476.486,18348.380,18221.110,18094.611,17968.823,17843.692,17719.169,17595.211,17471.781,17348.848,17226.390,17104.388,16982.830,16861.713,16741.038,16620.815,16501.058,16381.789,16263.036,16144.833,16027.220,15910.243,15793.953,15678.408,15563.669,15449.804,15336.883,15224.984,15114.186,15004.572,14896.230,14789.250,14683.723,14579.746,14477.415,14376.830,14278.090,14181.297,14086.552,13993.957,13903.615,13815.627,13730.095,13647.120,13566.800,13489.232,13414.514,13342.739,13273.999,13208.384,13145.979,13086.870,13031.136,12978.856,12930.103,12884.948,12843.457,12805.693,12771.716,12741.578,12715.331,12693.020,12674.687,12660.367,12650.091,12643.887,12641.776,12643.774,12649.892,12660.135,12674.504,12692.992,12715.588,12742.275,12773.029,12807.820,12846.611,12889.359,12936.015,12986.522,13040.816,13098.824,13160.469,13225.662,13294.308,13366.304,13441.537,13519.885,13601.215,13685.388,13772.252,13861.643,13953.389,14047.306,14143.195,14240.848,14340.042,14440.540,14542.093,14644.435,14747.286,14850.348,14953.308,15055.836,15157.581,15258.177,15357.235,15454.346,15549.080,15640.985,15729.584,15814.377,15894.838,15970.414,16040.523,16104.556,16161.870,16211.792,16253.614,16286.590,16309.937,16322.831,16324.406,16313.748,16289.894,16251.831,16198.487,16128.734,16041.383,15935.175,15808.789,15660.828,15489.829,15294.253,15072.497,14822.891,14543.707,14233.177,13889.503,13510.886,13095.553,12641.797,12148.025,11612.814,11034.977,10413.641,9748.323,9039.019,8286.289,7491.336,6656.076,5783.183,4876.118,3939.117,2977.147,1995.819,1001.269,0.000
0.000,1358.044,2712.382,4059.297,5395.104,6716.160,8018.884,9299.775,10555.437,11782.597,12978.133,14139.098,15262.743,16346.540,17388.204,18385.708,19337.297,20241.496,21097.114,21903.243,22659.257,23364.801,24019.782,24624.360,25178.933,25684.127,26140.778,26549.921,26912.779,27230.743,27505.361,27738.321,27931.434,28086.617,28205.872,28291.269,28344.920,28368.965,28365.544,28336.782,28284.771,28211.549,28119.091,28009.294,27883.967,27744.826,27593.486,27431.461,27260.163,27080.899,26894.878,26703.209,26506.908,26306.901,26104.029,25899.054,25692.662,25485.467,25278.021,25070.814,24864.280,24658.803,24454.717,24252.313,24051.845,23853.525,23657.536,23464.027,23273.121,23084.913,22899.476,22716.860,22537.098,22360.204,22186.174,22014.992,21846.628,21681.038,21518.170,21357.963,21200.344,21045.236,20892.555,20742.211,20594.109,20448.150,20304.235,20162.259,20022.117,19883.705,19746.917,19611.646,19477.791,19345.248,19213.918,19083.703,18954.511,18826.251,18698.838,18572.190,18446.231,18320.891,18196.104,18071.812,17947.962,17824.507,17701.408,17578.630,17456.149,17333.945,17212.005,17090.325,16968.906,16847.757,16726.895,16606.342,16486.127,16366.287,16246.864,16127.906,16009.468,15891.610,15774.398,15657.903,15542.201,15427.371,15313.498,15200.671,15088.980,14978.522,14869.392,14761.693,14655.526,14550.994,14448.203,14347.259,14248.270,14151.341,14056.579,13964.092,13873.985,13786.364,13701.331,13618.987,13539.435,13462.770,13389.089,13318.484,13251.045,13186.858,13126.008,13068.575,13014.634,12964.258,12917.517,12874.474,12835.189,12799.719,12768.114,12740.421,12716.683,12696.936,12681.212,12669.538,12661.936,12658.422,12659.007,12663.698,12672.493,12685.387,12702.369,12723.420,12748.519,12777.633,12810.729,12847.762,12888.683,12933.437,12981.960,13034.183,13090.026,13149.405,13212.228,13278.392,13347.788,13420.298,13495.795,13574.143,13655.196,13738.798,13824.784,13912.977,14003.189,14095.222,14188.866,14283.897,14380.080,14477.165,14574.890,14672.979,14771.137,14869.059,14966.420,15062.880,15158.080,15251.644,15343.176,15432.260,15518.458,15601.312,15680.339,15755.031,15824.855,15889.251,15947.627,15999.363,16043.801,16080.252,16107.983,16126.223,16134.153,16130.905,16115.559,16087.135,16044.590,15986.812,15912.619,15820.746,15709.844,15578.476,15425.110,15248.118,15045.776,14816.261,14557.660,14267.980,13945.159,13587.093,13191.664,12756.780,12280.430,11760.746,11196.078,10585.090,9926.852,9220.950,8467.600,7667.751,6823.183,5936.579,5011.569,4052.735,3065.560,2056.334,1032.008,0.000
0.000,1399.886,2795.874,4184.060,5560.561,6921.539,8263.213,9581.880,10873.941,12135.922,13364.509,14556.570,15709.188,16819.686,17885.651,18904.954,19875.766,20796.565,21666.142,22483.596,23248.331,23960.044,24618.714,25224.588,25778.163,26280.174,26731.580,27133.547,27487.433,27794.776,28057.276,28276.785,28455.278,28594.846,28697.667,28765.986,28802.095,28808.302,28786.915,28740.217,28670.444,28579.769,28470.284,28343.988,28202.780,28048.446,27882.661,27706.982,27522.850,27331.591,27134.424,26932.457,26726.697,26518.057,26307.357,26095.334,25882.646,25669.879,25457.552,25246.121,25035.987,24827.498,24620.955,24416.617,24214.701,24015.389,23818.831,23625.146,23434.427,23246.740,23062.130,22880.623,22702.223,22526.920,22354.688,22185.487,22019.265,21855.959,21695.497,21537.796,21382.768,21230.317,21080.342,20932.736,20787.389,20644.189,20503.019,20363.764,20226.304,20090.522,19956.301,19823.523,19692.074,19561.843,19432.718,19304.595,19177.369,19050.945,18925.227,18800.129,18675.567,18551.464,18427.751,18304.364,18181.245,18058.343,17935.616,17813.029,17690.552,17568.165,17445.855,17323.615,17201.448,17079.362,16957.375,16835.511,16713.801,16592.282,16471.000,16350.007,16229.359,16109.122,15989.364,15870.161,15751.592,15633.743,15516.702,15400.563,15285.423,15171.381,15058.542,14947.009,14836.892,14728.299,14621.341,14516.129,14412.776,14311.393,14212.093,14114.987,14020.186,13927.800,13837.937,13750.702,13666.200,13584.532,13505.799,13430.095,13357.515,13288.148,13222.081,13159.396,13100.173,13044.486,12992.405,12943.998,12899.326,12858.446,12821.410,12788.268,12759.061,12733.827,12712.598,12695.402,12682.263,12673.195,12668.211,12667.315,12670.510,12677.788,12689.138,12704.543,12723.980,12747.419,12774.824,12806.153,12841.358,12880.384,12923.167,12969.641,13019.728,13073.345,13130.403,13190.802,13254.436,13321.192,13390.947,13463.571,13538.923,13616.856,13697.211,13779.820,13864.507,13951.083,14039.351,14129.102,14220.114,14312.155,14404.982,14498.338,14591.951,14685.540,14778.805,14871.436,14963.103,15053.463,15142.155,15228.802,15313.005,15394.349,15472.395,15546.683,15616.730,15682.025,15742.031,15796.181,15843.875,15884.477,15917.312,15941.661,15956.760,15961.791,15955.879,15938.083,15907.394,15862.724,15802.901,15726.657,15632.626,15519.329,15385.174,15228.440,15047.282,14839.721,14603.647,14336.828,14036.916,13701.471,13327.987,12913.939,12456.831,11954.274,11404.068,10804.310,10153.517,9450.756,8695.791,7889.221,7032.616,6128.625,5181.046,4194.850,3176.134,2132.015,1070.452,0.000
0.000,1445.688,2887.277,4320.655,5741.734,7146.459,8530.829,9890.915,11222.889,12523.052,13787.866,15013.986,16198.300,17337.957,18430.398,19473.377,20464.982,21403.640,22288.125,23117.550,23891.360,24609.316,25271.483,25878.208,26430.103,26928.031,27373.084,27766.572,28110.007,28405.087,28653.683,28857.823,29019.671,29141.509,29225.714,29274.731,29291.050,29277.179,29235.610,29168.806,29079.166,28969.012,28840.566,28695.942,28537.132,28366.000,28184.279,27993.569,27795.341,27590.938,27381.580,27168.371,26952.305,26734.273,26515.070,26295.402,26075.894,25857.097,25639.490,25423.492,25209.466,24997.721,24788.519,24582.081,24378.588,24178.187,23980.992,23787.088,23596.537,23409.373,23225.614,23045.253,22868.270,22694.628,22524.275,22357.148,22193.172,22032.261,21874.323,21719.255,21566.948,21417.289,21270.158,21125.433,20982.985,20842.688,20704.411,20568.021,20433.387,20300.379,20168.865,20038.718,19909.812,19782.022,19655.230,19529.318,19404.176,19279.698,19155.781,19032.330,18909.256,18786.476,18663.914,18541.500,18419.173,18296.879,18174.571,18052.210,17929.767,17807.218,17684.548,17561.753,17438.833,17315.798,17192.666,17069.462,16946.220,16822.979,16699.788,16576.701,16453.779,16331.091,16208.710,16086.715,15965.192,15844.229,15723.922,15604.369,15485.673,15367.939,15251.276,15135.795,15021.610,14908.836,14797.588,14687.985,14580.145,14474.184,14370.221,14268.372,14168.754,14071.480,13976.664,13884.417,13794.847,13708.061,13624.160,13543.247,13465.416,13390.762,13319.374,13251.339,13186.736,13125.644,13068.135,13014.278,12964.136,12917.768,12875.229,12836.566,12801.825,12771.043,12744.253,12721.485,12702.761,12688.097,12677.506,12670.993,12668.559,12670.199,12675.901,12685.649,12699.418,12717.181,12738.901,12764.538,12794.043,12827.363,12864.437,12905.197,12949.570,12997.475,13048.824,13103.521,13161.465,13222.546,13286.646,13353.640,13423.395,13495.770,13570.615,13647.772,13727.073,13808.342,13891.396,13976.037,14062.061,14149.253,14237.389,14326.231,14415.532,14505.034,14594.464,14683.540,14771.966,14859.430,14945.609,15030.163,15112.735,15192.953,15270.425,15344.740,15415.465,15482.143,15544.293,15601.404,15652.935,15698.309,15736.911,15768.082,15791.115,15805.246,15809.653,15803.443,15785.645,15755.203,15710.963,15651.665,15575.930,15482.248,15368.969,15234.289,15076.243,14892.694,14681.332,14439.672,14165.060,13854.690,13505.631,13114.864,12679.342,12196.063,11662.172,11075.083,10432.621,9733.193,8975.966,8161.059,7289.724,6364.503,5389.340,4369.639,3312.220,2225.208,1117.808,0.000
0.000,1495.653,2986.994,4469.696,5939.448,7391.963,8822.998,10228.375,11604.006,12945.932,14250.358,15513.695,16732.600,17904.021,19025.229,20093.844,21107.860,22065.652,22965.981,23807.981,24591.154,25315.341,25980.709,26587.726,27137.136,27629.942,28067.389,28450.944,28782.288,29063.293,29296.019,29482.687,29625.670,29727.465,29790.671,29817.961,29812.052,29775.671,29711.529,29622.284,29510.524,29378.734,29229.282,29064.406,28886.197,28696.600,28497.409,28290.265,28076.665,27857.962,27635.374,27409.994,27182.795,26954.639,26726.289,26498.413,26271.597,26046.347,25823.100,25602.233,25384.062,25168.854,24956.828,24748.163,24543.000,24341.446,24143.579,23949.447,23759.076,23572.469,23389.609,23210.462,23034.977,22863.089,22694.722,22529.784,22368.178,22209.796,22054.520,21902.229,21752.793,21606.079,21461.948,21320.261,21180.873,21043.639,20908.413,20775.048,20643.399,20513.319,20384.666,20257.299,20131.080,20005.874,19881.550,19757.981,19635.048,19512.635,19390.630,19268.933,19147.444,19026.076,18904.747,18783.381,18661.911,18540.281,18418.440,18296.346,18173.966,18051.276,17928.262,17804.915,17681.237,17557.239,17432.940,17308.366,17183.553,17058.544,16933.390,16808.148,16682.884,16557.669,16432.583,16307.709,16183.138,16058.964,15935.287,15812.213,15689.848,15568.306,15447.701,15328.150,15209.773,15092.692,14977.028,14862.906,14750.449,14639.780,14531.025,14424.304,14319.739,14217.451,14117.557,14020.174,13925.413,13833.387,13744.202,13657.962,13574.769,13494.719,13417.905,13344.415,13274.334,13207.741,13144.712,13085.318,13029.623,12977.689,12929.570,12885.318,12844.976,12808.585,12776.178,12747.785,12723.429,12703.127,12686.891,12674.729,12666.640,12662.619,12662.656,12666.734,12674.830,12686.916,12702.957,12722.911,12746.733,12774.370,12805.762,12840.843,12879.543,12921.782,12967.475,13016.531,13068.851,13124.330,13182.855,13244.309,13308.563,13375.484,13444.931,13516.755,13590.800,13666.901,13744.885,13824.573,13905.775,13988.294,14071.925,14156.450,14241.647,14327.281,14413.109,14498.876,14584.318,14669.159,14753.112,14835.875,14917.136,14996.567,15073.823,15148.544,15220.349,15288.839,15353.589,15414.149,15470.040,15520.748,15565.723,15604.369,15636.044,15660.046,15675.613,15681.905,15678.002,15662.888,15635.440,15594.415,15538.433,15465.965,15375.315,15264.604,15131.755,14974.479,14790.264,14576.365,14329.809,14047.399,13725.734,13361.248,12950.264,12489.071,11974.037,11401.744,10769.161,10073.850,9314.197,8489.657,7601.005,6650.563,5642.373,4582.297,3478.009,2338.855,1175.594,0.000
0.000,1549.991,3095.450,4631.829,6154.580,7659.170,9141.091,10595.885,12019.175,13406.701,14754.371,16058.307,17314.901,18520.861,19673.258,20769.560,21807.657,22785.871,23702.954,24558.080,25350.822,26081.124,26749.279,27355.894,27901.868,28388.363,28816.791,29188.793,29506.228,29771.162,29985.854,30152.741,30274.423,30353.639,30393.239,30396.151,30365.350,30303.818,30214.507,30100.305,29964.005,29808.279,29635.653,29448.498,29249.014,29039.228,28820.991,28595.985,28365.725,28131.569,27894.726,27656.266,27417.134,27178.156,26940.052,26703.446,26468.874,26236.794,26007.594,25781.597,25559.072,25340.236,25125.263,24914.285,24707.397,24504.666,24306.128,24111.792,23921.647,23735.660,23553.781,23375.943,23202.065,23032.053,22865.801,22703.193,22544.105,22388.405,22235.952,22086.603,21940.206,21796.609,21655.653,21517.179,21381.026,21247.031,21115.031,20984.865,20856.370,20729.389,20603.762,20479.336,20355.961,20233.490,20111.780,19990.696,19870.105,19749.883,19629.912,19510.079,19390.281,19270.421,19150.411,19030.171,18909.630,18788.724,18667.401,18545.615,18423.331,18300.524,18177.177,18053.282,17928.842,17803.867,17678.377,17552.401,17425.977,17299.150,17171.975,17044.513,16916.834,16789.014,16661.136,16533.291,16405.572,16278.083,16150.928,16024.218,15898.068,15772.596,15647.924,15524.175,15401.477,15279.956,15159.743,15040.967,14923.759,14808.248,14694.565,14582.838,14473.194,14365.759,14260.655,14158.006,14057.929,13960.538,13865.946,13774.263,13685.591,13600.032,13517.682,13438.633,13362.972,13290.781,13222.140,13157.119,13095.786,13038.205,12984.431,12934.517,12888.509,12846.446,12808.365,12774.295,12744.260,12718.277,12696.360,12678.515,12664.744,12655.040,12649.395,12647.792,12650.208,12656.615,12666.980,12681.262,12699.416,12721.390,12747.127,12776.562,12809.626,12846.243,12886.331,12929.802,12976.560,13026.507,13079.533,13135.528,13194.370,13255.932,13320.084,13386.686,13455.591,13526.647,13599.696,13674.571,13751.099,13829.102,13908.392,13988.775,14070.051,14152.011,14234.438,14317.109,14399.792,14482.244,14564.218,14645.453,14725.678,14804.611,14881.959,14957.412,15030.646,15101.317,15169.064,15233.499,15294.209,15350.749,15402.637,15449.349,15490.313,15524.897,15552.408,15572.071,15583.026,15584.311,15574.846,15553.420,15518.669,15469.059,15402.866,15318.150,15212.737,15084.197,14929.821,14746.609,14531.258,14280.158,13989.405,13654.830,13272.046,12836.525,12343.719,11789.205,11168.893,10479.270,9717.689,8882.695,7974.361,6994.611,5947.486,4839.321,3678.771,2476.675,1245.734,0.000
0.000,1608.919,3213.087,4807.726,6388.050,7949.261,9486.565,10995.195,12470.442,13907.703,15302.535,16650.722,17948.337,19191.806,20377.967,21504.112,22568.014,23567.941,24502.653,25371.380,26173.792,26909.967,27580.351,28185.720,28727.147,29205.975,29623.797,29982.443,30283.963,30530.625,30724.905,30869.473,30967.179,31021.030,31034.157,31009.783,30951.176,30861.606,30744.306,30602.420,30438.978,30256.855,30058.755,29847.190,29624.472,29392.711,29153.816,28909.500,28661.289,28410.537,28158.432,27906.015,27654.189,27403.732,27155.314,26909.503,26666.779,26427.542,26192.122,25960.785,25733.746,25511.167,25293.169,25079.835,24871.211,24667.318,24468.148,24273.671,24083.832,23898.564,23717.779,23541.377,23369.244,23201.256,23037.277,22877.164,22720.766,22567.925,22418.478,22272.256,22129.087,21988.798,21851.209,21716.141,21583.416,21452.852,21324.269,21197.489,21072.336,20948.634,20826.211,20704.901,20584.539,20464.966,20346.028,20227.578,20109.473,19991.579,19873.768,19755.920,19637.923,19519.674,19401.077,19282.046,19162.506,19042.389,18921.637,18800.204,18678.051,18555.151,18431.485,18307.047,18181.838,18055.869,17929.164,17801.751,17673.672,17544.975,17415.718,17285.967,17155.796,17025.286,16894.526,16763.610,16632.641,16501.726,16370.978,16240.513,16110.453,15980.923,15852.053,15723.973,15596.817,15470.719,15345.817,15222.247,15100.146,14979.652,14860.900,14744.026,14629.163,14516.443,14405.996,14297.947,14192.421,14089.537,13989.414,13892.163,13797.893,13706.709,13618.712,13533.995,13452.651,13374.763,13300.412,13229.674,13162.618,13099.307,13039.802,12984.154,12932.411,12884.615,12840.802,12801.002,12765.240,12733.534,12705.897,12682.338,12662.856,12647.448,12636.103,12628.806,12625.535,12626.263,12630.955,12639.574,12652.074,12668.405,12688.511,12712.330,12739.795,12770.831,12805.360,12843.298,12884.553,12929.031,12976.628,13027.239,13080.749,13137.042,13195.992,13257.469,13321.340,13387.464,13455.695,13525.881,13597.867,13671.490,13746.584,13822.975,13900.488,13978.938,14058.138,14137.893,14218.005,14298.268,14378.471,14458.394,14537.812,14616.490,14694.185,14770.641,14845.592,14918.755,14989.832,15058.503,15124.423,15187.223,15246.495,15301.792,15352.621,15398.431,15438.605,15472.447,15499.170,15517.879,15527.557,15527.042,15515.004,15489.927,15450.078,15393.481,15317.885,15220.737,15099.151,14949.881,14769.294,14553.359,14297.641,13997.317,13647.210,13241.865,12775.660,12242.970,11638.398,10957.063,10194.965,9349.399,8419.415,7406.270,6313.835,5148.881,3921.185,2643.406,1330.687,0.000
0.000,1672.654,3340.345,4998.071,6640.802,8263.466,9860.961,11428.174,12960.020,14451.495,15897.747,17294.152,18636.401,19920.585,21143.261,22301.517,23392.998,24415.925,25369.081,26251.782,27063.834,27805.486,28477.374,29080.473,29616.061,30085.682,30491.127,30834.420,31117.814,31343.788,31515.045,31634.505,31705.291,31730.709,31714.208,31659.344,31569.725,31448.956,31300.586,31128.058,30934.665,30723.513,30497.494,30259.275,30011.282,29755.707,29494.508,29229.422,28961.976,28693.506,28425.167,28157.954,27892.717,27630.178,27370.940,27115.507,26864.291,26617.627,26375.779,26138.950,25907.290,25680.903,25459.854,25244.168,25033.843,24828.848,24629.129,24434.610,24245.197,24060.781,23881.237,23706.430,23536.211,23370.423,23208.903,23051.476,22897.965,22748.185,22601.948,22459.062,22319.332,22182.561,22048.551,21917.101,21788.014,21661.090,21536.131,21412.942,21291.330,21171.104,21052.078,20934.070,20816.902,20700.402,20584.404,20468.748,20353.283,20237.861,20122.348,20006.612,19890.534,19774.004,19656.918,19539.186,19420.726,19301.465,19181.343,19060.309,18938.322,18815.354,18691.384,18566.406,18440.421,18313.443,18185.494,18056.608,17926.827,17796.204,17664.801,17532.687,17399.942,17266.652,17132.912,16998.824,16864.494,16730.037,16595.573,16461.227,16327.126,16193.405,16060.199,15927.646,15795.888,15665.069,15535.331,15406.819,15279.679,15154.053,15030.086,14907.919,14787.693,14669.545,14553.611,14440.024,14328.913,14220.404,14114.618,14011.673,13911.682,13814.755,13720.995,13630.501,13543.365,13459.678,13379.521,13302.973,13230.105,13160.982,13095.666,13034.211,12976.666,12923.072,12873.469,12827.886,12786.349,12748.877,12715.483,12686.175,12660.956,12639.820,12622.759,12609.756,12600.791,12595.836,12594.859,12597.822,12604.681,12615.388,12629.887,12648.118,12670.016,12695.510,12724.524,12756.977,12792.783,12831.850,12874.082,12919.378,12967.631,13018.731,13072.562,13129.005,13187.935,13249.224,13312.741,13378.346,13445.902,13515.264,13586.284,13658.811,13732.693,13807.772,13883.886,13960.874,14038.569,14116.802,14195.399,14274.185,14352.977,14431.591,14509.835,14587.509,14664.406,14740.306,14814.978,14888.175,14959.625,15029.037,15096.086,15160.409,15221.601,15279.200,15332.680,15381.435,15424.768,15461.868,15491.800,15513.470,15525.612,15526.749,15515.170,15488.890,15445.613,15382.695,15297.097,15185.350,15043.510,14867.126,14651.219,14390.274,14078.254,13708.660,13274.633,12769.120,12185.122,11516.032,10756.075,9900.844,8947.907,7897.455,6752.896,5521.330,4213.788,2845.141,1433.628,0.000
0.000,1741.408,3477.658,5203.541,6913.785,8603.041,10265.876,11896.794,13490.281,15040.862,16543.194,17992.163,19382.998,20711.376,21973.522,23166.283,24287.165,25334.352,26306.680,27203.593,28025.085,28771.625,29444.087,30043.691,30571.947,31030.623,31421.719,31747.462,32010.309,32212.951,32358.326,32449.615,32490.239,32483.835,32434.217,32345.323,32221.153,32065.701,31882.888,31676.495,31450.115,31207.108,30950.575,30683.343,30407.954,30126.675,29841.504,29554.189,29266.242,28978.964,28693.461,28410.668,28131.366,27856.203,27585.706,27320.300,27060.321,26806.026,26557.606,26315.191,26078.864,25848.664,25624.590,25406.611,25194.668,24988.678,24788.535,24594.119,24405.290,24221.897,24043.777,23870.756,23702.652,23539.273,23380.425,23225.904,23075.502,22929.010,22786.213,22646.893,22510.832,22377.813,22247.612,22120.011,21994.791,21871.733,21750.622,21631.244,21513.390,21396.852,21281.428,21166.922,21053.142,20939.903,20827.024,20714.335,20601.672,20488.878,20375.806,20262.319,20148.286,20033.590,19918.121,19801.782,19684.484,19566.152,19446.719,19326.133,19204.350,19081.339,18957.081,18831.566,18704.799,18576.792,18447.571,18317.172,18185.639,18053.030,17919.411,17784.856,17649.450,17513.286,17376.463,17239.091,17101.283,16963.162,16824.855,16686.493,16548.214,16410.158,16272.470,16135.296,15998.787,15863.093,15728.366,15594.759,15462.424,15331.512,15202.176,15074.563,14948.822,14825.098,14703.531,14584.262,14467.424,14353.151,14241.568,14132.799,14026.960,13924.167,13824.525,13728.139,13635.104,13545.513,13459.451,13376.997,13298.227,13223.208,13152.001,13084.665,13021.248,12961.793,12906.341,12854.921,12807.560,12764.279,12725.090,12690.002,12659.016,12632.130,12609.334,12590.613,12575.946,12565.306,12558.662,12555.977,12557.208,12562.306,12571.219,12583.888,12600.250,12620.238,12643.777,12670.791,12701.196,12734.906,12771.830,12811.873,12854.935,12900.913,12949.700,13001.186,13055.257,13111.797,13170.687,13231.804,13295.025,13360.224,13427.271,13496.039,13566.397,13638.213,13711.355,13785.690,13861.086,13937.410,14014.527,14092.303,14170.603,14249.292,14328.230,14407.277,14486.284,14565.101,14643.565,14721.502,14798.722,14875.018,14950.151,15023.854,15095.818,15165.680,15233.017,15297.331,15358.029,15414.408,15465.631,15510.705,15548.449,15577.462,15596.087,15602.369,15594.007,15568.305,15522.117,15451.787,15353.094,15221.193,15050.567,14834.987,14567.505,14240.476,13845.635,13374.252,12817.390,12166.274,11412.822,10550.311,9574.190,8482.978,7279.151,5969.902,4567.601,3089.805,1558.706,0.000
0.000,1815.371,3625.425,5424.770,7207.915,8969.230,10702.934,12403.110,14063.746,15678.814,17242.377,18748.719,20192.497,21568.883,22873.694,24103.491,25255.633,26328.285,27320.381,28231.559,29062.067,29812.665,30484.531,31079.176,31598.384,32044.165,32418.738,32724.530,32964.194,33140.627,33256.996,33316.754,33323.644,33281.669,33195.060,33068.200,32905.553,32711.568,32490.598,32246.817,31984.158,31706.266,31416.465,31117.746,30812.765,30503.852,30193.032,29882.043,29572.363,29265.237,28961.703,28662.615,28368.667,28080.416,27798.298,27522.646,27253.708,26991.653,26736.588,26488.566,26247.592,26013.632,25786.621,25566.462,25353.038,25146.208,24945.815,24751.689,24563.644,24381.485,24205.008,24034.001,23868.245,23707.516,23551.583,23400.214,23253.173,23110.221,22971.116,22835.616,22703.480,22574.464,22448.326,22324.824,22203.719,22084.773,21967.751,21852.421,21738.556,21625.932,21514.332,21403.543,21293.359,21183.579,21074.011,20964.472,20854.786,20744.783,20634.308,20523.213,20411.359,20298.620,20184.878,20070.031,19953.983,19836.655,19717.976,19597.890,19476.350,19353.324,19228.792,19102.745,18975.185,18846.130,18715.605,18583.649,18450.312,18315.653,18179.744,18042.664,17904.505,17765.364,17625.350,17484.577,17343.168,17201.252,17058.965,16916.447,16773.842,16631.302,16488.979,16347.029,16205.609,16064.880,15925.003,15786.138,15648.446,15512.087,15377.221,15244.003,15112.590,14983.133,14855.781,14730.679,14607.969,14487.788,14370.269,14255.540,14143.723,14034.936,13929.292,13826.896,13727.850,13632.247,13540.177,13451.722,13366.958,13285.956,13208.779,13135.486,13066.126,13000.746,12939.385,12882.075,12828.842,12779.707,12734.685,12693.783,12657.004,12624.345,12595.796,12571.344,12550.967,12534.639,12522.330,12514.002,12509.614,12509.120,12512.467,12519.599,12530.455,12544.968,12563.070,12584.684,12609.734,12638.135,12669.803,12704.649,12742.578,12783.496,12827.303,12873.900,12923.182,12975.045,13029.383,13086.088,13145.052,13206.166,13269.321,13334.410,13401.325,13469.960,13540.211,13611.976,13685.154,13759.650,13835.369,13912.218,13990.111,14068.960,14148.682,14229.194,14310.413,14392.254,14474.629,14557.443,14640.591,14723.952,14807.386,14890.726,14973.768,15056.263,15137.907,15218.319,15297.033,15373.473,15446.931,15516.537,15581.232,15639.727,15690.462,15731.556,15760.755,15775.366,15772.192,15747.452,15696.704,15614.756,15495.589,15332.277,15116.933,14840.685,14493.712,14065.354,13544.354,12919.253,12178.983,11313.700,10315.836,9181.344,7911.013,6511.669,4997.011,3387.833,1711.410,0.000
0.000,1894.703,3783.983,5662.317,7524.026,9363.213,11173.738,12949.216,14683.064,16368.592,17999.134,19568.230,21069.816,22498.428,23849.380,25118.894,26304.171,27403.392,28415.661,29340.896,30179.702,30933.225,31603.029,32190.983,32699.181,33129.898,33485.573,33768.818,33982.457,34129.570,34213.539,34238.089,34207.299,34125.590,33997.670,33828.451,33622.944,33386.143,33122.910,32837.878,32535.368,32219.337,31893.347,31560.556,31223.722,30885.223,30547.085,30211.013,29878.424,29550.482,29228.129,28912.117,28603.032,28301.321,28007.312,27721.232,27443.226,27173.365,26911.664,26658.086,26412.555,26174.959,25945.160,25722.995,25508.281,25300.821,25100.401,24906.798,24719.780,24539.107,24364.532,24195.803,24032.663,23874.854,23722.112,23574.172,23430.769,23291.634,23156.501,23025.100,22897.165,22772.429,22650.626,22531.494,22414.771,22300.200,22187.526,22076.499,21966.872,21858.406,21750.866,21644.023,21537.654,21431.548,21325.496,21219.301,21112.776,21005.740,20898.026,20789.476,20679.942,20569.289,20457.393,20344.142,20229.438,20113.194,19995.336,19875.803,19754.548,19631.536,19506.745,19380.167,19251.806,19121.680,18989.816,18856.258,18721.058,18584.281,18446.002,18306.309,18165.298,18023.073,17879.751,17735.453,17590.311,17444.462,17298.050,17151.226,17004.143,16856.959,16709.839,16562.946,16416.450,16270.517,16125.320,15981.027,15837.808,15695.833,15555.268,15416.279,15279.029,15143.678,15010.381,14879.290,14750.556,14624.319,14500.719,14379.890,14261.959,14147.050,14035.277,13926.751,13821.578,13719.854,13621.672,13527.117,13436.267,13349.194,13265.964,13186.637,13111.265,13039.894,12972.564,12909.308,12850.154,12795.123,12744.228,12697.479,12654.878,12616.423,12582.104,12551.907,12525.812,12503.793,12485.819,12471.855,12461.859,12455.787,12453.586,12455.203,12460.578,12469.648,12482.345,12498.598,12518.332,12541.469,12567.928,12597.624,12630.473,12666.384,12705.267,12747.032,12791.583,12838.829,12888.676,12941.029,12995.796,13052.885,13112.207,13173.674,13237.202,13302.710,13370.121,13439.364,13510.371,13583.082,13657.441,13733.401,13810.919,13889.961,13970.497,14052.504,14135.965,14220.867,14307.195,14394.938,14484.079,14574.594,14666.443,14759.570,14853.886,14949.269,15045.543,15142.469,15239.723,15336.881,15433.390,15528.538,15621.422,15710.908,15795.581,15873.692,15943.094,16001.167,16044.739,16069.984,16072.322,16046.299,15985.469,15882.264,15727.882,15512.194,15223.702,14849.581,14375.860,13787.794,13070.509,12209.978,11194.374,10015.772,8672.071,7168.890,5521.041,3753.165,1899.123,0.000
0.000,1979.506,3953.567,5916.601,7862.800,9786.033,11679.796,13537.191,15350.976,17113.659,18817.677,20455.623,22020.515,23506.075,24906.981,26219.047,27439.314,28566.040,29598.602,30537.332,31383.330,32138.260,32804.178,33383.389,33878.351,34291.617,34625.831,34883.759,35068.351,35182.818,35230.722,35216.043,35143.219,35017.133,34843.055,34626.532,34373.240,34088.830,33778.775,33448.241,33101.993,32744.332,32379.069,32009.519,31638.525,31268.485,30901.395,30538.892,30182.299,29832.667,29490.812,29157.356,28832.753,28517.320,28211.256,27914.668,27627.583,27349.963,27081.721,26822.723,26572.803,26331.768,26099.400,25875.465,25659.714,25451.886,25251.712,25058.915,24873.213,24694.319,24521.943,24355.792,24195.572,24040.988,23891.742,23747.537,23608.078,23473.067,23342.209,23215.210,23091.777,22971.618,22854.447,22739.975,22627.923,22518.009,22409.962,22303.509,22198.387,22094.338,21991.109,21888.456,21786.140,21683.933,21581.613,21478.971,21375.803,21271.920,21167.141,21061.299,20954.234,20845.805,20735.879,20624.337,20511.074,20395.998,20279.031,20160.108,20039.180,19916.211,19791.177,19664.070,19534.897,19403.674,19270.435,19135.224,18998.100,18859.131,18718.399,18575.996,18432.027,18286.604,18139.849,17991.894,17842.879,17692.951,17542.262,17390.972,17239.246,17087.253,16935.164,16783.155,16631.405,16480.092,16329.395,16179.495,16030.572,15882.802,15736.363,15591.428,15448.170,15306.755,15167.347,15030.106,14895.188,14762.741,14632.912,14505.838,14381.654,14260.486,14142.455,14027.677,13916.259,13808.302,13703.901,13603.144,13506.112,13412.879,13323.514,13238.076,13156.619,13079.190,13005.831,12936.576,12871.451,12810.479,12753.673,12701.044,12652.594,12608.320,12568.213,12532.258,12500.436,12472.722,12449.084,12429.488,12413.894,12402.256,12394.525,12390.648,12390.567,12394.221,12401.544,12412.469,12426.924,12444.835,12466.125,12490.716,12518.528,12549.478,12583.484,12620.464,12660.333,12703.008,12748.409,12796.456,12847.069,12900.175,12955.701,13013.581,13073.753,13136.161,13200.753,13267.490,13336.336,13407.265,13480.262,13555.322,13632.448,13711.658,13792.978,13876.446,13962.112,14050.032,14140.274,14232.910,14328.016,14425.669,14525.939,14628.886,14734.549,14842.941,14954.033,15067.742,15183.910,15302.288,15422.507,15544.047,15666.205,15788.045,15908.355,16025.581,16137.754,16242.415,16336.508,16416.270,16477.098,16513.401,16518.428,16484.086,16400.749,16257.072,16039.839,15733.882,15322.141,14785.941,14105.624,13261.630,12236.171,11015.517,9592.788,7970.915,6165.197,4204.721,2131.937,0.000
0.000,2069.799,4134.251,6187.826,8224.675,10238.490,12222.416,14169.006,16070.246,17917.679,19702.612,21416.423,23050.930,24598.794,26053.874,27411.485,28668.519,29823.410,30875.969,31827.136,32678.701,33433.022,34092.791,34660.850,35140.068,35533.286,35843.325,36073.041,36225.426,36303.743,36311.661,36253.379,36133.698,35958.030,35732.316,35462.880,35156.224,34818.804,34456.831,34076.103,33681.888,33278.859,32871.077,32462.000,32054.520,31651.014,31253.406,30863.221,30481.643,30109.572,29747.663,29396.376,29056.006,28726.714,28408.555,28101.494,27805.429,27520.201,27245.608,26981.415,26727.359,26483.157,26248.510,26023.108,25806.632,25598.758,25399.158,25207.499,25023.447,24846.669,24676.831,24513.597,24356.636,24205.615,24060.203,23920.070,23784.889,23654.335,23528.083,23405.813,23287.207,23171.947,23059.723,22950.226,22843.152,22738.200,22635.075,22533.487,22433.154,22333.798,22235.150,22136.946,22038.934,21940.867,21842.510,21743.640,21644.039,21543.505,21441.846,21338.882,21234.447,21128.386,21020.561,20910.845,20799.126,20685.306,20569.305,20451.052,20330.496,20207.599,20082.337,19954.703,19824.703,19692.358,19557.702,19420.785,19281.669,19140.429,18997.153,18851.939,18704.899,18556.154,18405.835,18254.083,18101.046,17946.882,17791.753,17635.831,17479.289,17322.307,17165.069,17007.760,16850.571,16693.689,16537.305,16381.611,16226.794,16073.044,15920.546,15769.483,15620.037,15472.381,15326.690,15183.130,15041.863,14903.047,14766.833,14633.365,14502.783,14375.218,14250.797,14129.639,14011.854,13897.548,13786.820,13679.758,13576.448,13476.965,13381.378,13289.751,13202.136,13118.584,13039.135,12963.824,12892.680,12825.723,12762.969,12704.426,12650.099,12599.982,12554.069,12512.344,12474.787,12441.373,12412.072,12386.849,12365.664,12348.473,12335.228,12325.876,12320.361,12318.624,12320.602,12326.229,12335.438,12348.157,12364.315,12383.837,12406.650,12432.678,12461.845,12494.077,12529.300,12567.440,12608.429,12652.198,12698.685,12747.830,12799.580,12853.886,12910.708,12970.015,13031.781,13095.995,13162.653,13231.765,13303.354,13377.457,13454.124,13533.423,13615.436,13700.264,13788.022,13878.842,13972.871,14070.271,14171.214,14275.882,14384.461,14497.134,14614.079,14735.457,14861.399,14991.994,15127.274,15267.190,15411.587,15560.173,15712.487,15867.845,16025.297,16183.552,16340.910,16495.164,16643.493,16782.325,16907.189,17012.520,17091.450,17135.551,17134.557,17076.063,16945.211,16724.435,16393.301,15928.586,15304.752,14495.040,13473.415,12217.551,10712.823,8956.918,6964.206,4768.643,2423.921,0.000
0.000,2165.483,4325.883,6475.878,8609.710,10720.991,12802.559,14846.382,16843.566,18784.471,20658.971,22456.856,24168.350,25784.692,27298.660,28704.957,30000.359,31183.638,32255.288,33217.141,34071.951,34823.012,35473.834,36027.913,36488.589,36858.988,37142.046,37340.607,37457.578,37496.132,37459.925,37353.300,37181.416,36950.288,36666.682,36337.903,35971.494,35574.926,35155.311,34719.193,34272.410,33820.029,33366.346,32914.922,32468.649,32029.829,31600.249,31181.267,30773.877,30378.778,29996.425,29627.080,29270.847,28927.710,28597.552,28280.185,27975.360,27682.787,27402.141,27133.074,26875.222,26628.207,26391.646,26165.150,25948.327,25740.789,25542.144,25352.004,25169.985,24995.704,24828.783,24668.845,24515.517,24368.432,24227.224,24091.530,23960.992,23835.254,23713.966,23596.778,23483.347,23373.332,23266.396,23162.208,23060.441,22960.773,22862.888,22766.476,22671.233,22576.864,22483.081,22389.603,22296.160,22202.489,22108.341,22013.475,21917.663,21820.686,21722.342,21622.439,21520.800,21417.263,21311.678,21203.911,21093.844,20981.374,20866.415,20748.894,20628.756,20505.962,20380.488,20252.326,20121.484,19987.986,19851.870,19713.188,19572.009,19428.413,19282.494,19134.360,18984.129,18831.931,18677.907,18522.207,18364.990,18206.424,18046.683,17885.948,17724.406,17562.249,17399.670,17236.867,17074.041,16911.394,16749.125,16587.438,16426.532,16266.605,16107.855,15950.473,15794.650,15640.570,15488.415,15338.360,15190.574,15045.223,14902.463,14762.446,14625.316,14491.212,14360.263,14232.593,14108.318,13987.546,13870.378,13756.908,13647.220,13541.394,13439.501,13341.604,13247.758,13158.015,13072.415,12990.994,12913.780,12840.795,12772.054,12707.566,12647.333,12591.352,12539.615,12492.106,12448.806,12409.689,12374.725,12343.879,12317.111,12294.379,12275.635,12260.826,12249.898,12242.794,12239.451,12239.808,12243.799,12251.357,12262.414,12276.899,12294.745,12315.882,12340.240,12367.753,12398.355,12431.985,12468.581,12508.090,12550.462,12595.652,12643.623,12694.346,12747.802,12803.981,12862.885,12924.527,12988.937,13056.158,13126.251,13199.293,13275.381,13354.634,13437.189,13523.208,13612.874,13706.394,13803.997,13905.936,14012.481,14123.925,14240.574,14362.744,14490.760,14624.939,14765.588,14912.988,15067.377,15228.933,15397.747,15573.792,15756.893,15946.672,16142.503,16343.440,16548.139,16754.760,16960.845,17163.175,17357.589,17538.771,17699.983,17832.745,17926.457,17967.955,17941.009,17825.803,17598.455,17230.718,16690.087,15940.650,14945.144,13668.654,12084.200,10179.856,7966.160,5481.776,2795.124,0.000
0.000,2266.291,4527.986,6780.187,9017.415,11233.354,13420.619,15570.597,17673.391,19717.922,21692.228,23583.989,25381.261,27073.329,28651.515,30109.751,31444.780,32655.987,33744.929,34714.747,35569.548,36313.875,36952.292,37489.094,37928.147,38272.836,38526.117,38690.667,38769.104,38764.295,38679.682,38519.613,38289.577,37996.288,37647.556,37251.960,36818.402,36355.644,35871.917,35374.648,34870.305,34364.350,33861.278,33364.690,32877.400,32401.548,31938.714,31490.011,31056.182,30637.670,30234.680,29847.239,29475.229,29118.426,28776.524,28449.162,28135.932,27836.398,27550.106,27276.590,27015.376,26765.990,26527.958,26300.812,26084.087,25877.324,25680.072,25491.887,25312.330,25140.972,24977.388,24821.161,24671.879,24529.137,24392.535,24261.678,24136.176,24015.644,23899.703,23787.977,23680.095,23575.692,23474.407,23375.885,23279.776,23185.737,23093.428,23002.520,22912.689,22823.620,22735.004,22646.545,22557.953,22468.951,22379.270,22288.656,22196.865,22103.667,22008.844,21912.195,21813.530,21712.677,21609.478,21503.791,21395.491,21284.468,21170.632,21053.907,20934.236,20811.576,20685.904,20557.213,20425.512,20290.828,20153.202,20012.693,19869.373,19723.329,19574.664,19423.491,19269.940,19114.148,18956.268,18796.460,18634.894,18471.750,18307.213,18141.476,17974.740,17807.207,17639.084,17470.581,17301.912,17133.290,16964.928,16797.040,16629.837,16463.528,16298.322,16134.421,15972.025,15811.329,15652.522,15495.788,15341.306,15189.246,15039.774,14893.047,14749.217,14608.425,14470.808,14336.493,14205.599,14078.240,13954.519,13834.531,13718.366,13606.104,13497.817,13393.570,13293.420,13197.418,13105.606,13018.019,12934.687,12855.630,12780.864,12710.397,12644.232,12582.365,12524.787,12471.482,12422.430,12377.606,12336.980,12300.515,12268.173,12239.911,12215.681,12195.432,12179.110,12166.660,12158.021,12153.133,12151.932,12154.356,12160.337,12169.813,12182.718,12198.987,12218.559,12241.374,12267.373,12296.504,12328.717,12363.968,12402.220,12443.443,12487.616,12534.728,12584.778,12637.778,12693.754,12752.746,12814.814,12880.032,12948.499,13020.331,13095.672,13174.687,13257.572,13344.546,13435.861,13531.799,13632.672,13738.823,13850.627,13968.488,14092.837,14224.130,14362.843,14509.465,14664.490,14828.403,15001.673,15184.727,15377.931,15581.563,15795.775,16020.551,16255.658,16500.571,16754.404,17015.800,17282.813,17552.751,17821.985,18085.710,18337.636,18569.614,18771.152,18928.826,19025.557,19039.759,18944.401,18706.106,18284.546,17632.608,16698.095,15427.919,13775.629,11712.271,9238.887,6397.230,3274.817,0.000
0.000,2371.731,4739.647,7099.554,9446.521,11774.527,14076.128,16342.182,18561.690,20721.835,22808.292,24805.898,26699.689,28476.190,30124.689,31638.146,33013.450,34251.054,35354.182,36327.890,37178.172,37911.238,38532.993,39048.691,39462.777,39778.842,39999.720,40127.687,40164.780,40113.218,39975.910,39756.970,39462.133,39098.943,38676.576,38205.332,37695.935,37158.831,36603.644,36038.832,35471.540,34907.596,34351.610,33807.119,33276.744,32762.358,32265.227,31786.136,31325.497,30883.433,30459.853,30054.502,29667.005,29296.907,28943.691,28606.802,28285.664,27979.687,27688.276,27410.841,27146.797,26895.569,26656.592,26429.314,26213.196,26007.712,25812.348,25626.603,25449.988,25282.022,25122.239,24970.178,24825.390,24687.433,24555.871,24430.279,24310.236,24195.327,24085.143,23979.283,23877.349,23778.952,23683.705,23591.228,23501.150,23413.104,23326.729,23241.675,23157.595,23074.156,22991.030,22907.899,22824.458,22740.410,22655.472,22569.371,22481.850,22392.663,22301.581,22208.388,22112.884,22014.887,21914.227,21810.757,21704.344,21594.871,21482.244,21366.382,21247.225,21124.731,20998.876,20869.652,20737.072,20601.166,20461.978,20319.571,20174.026,20025.436,19873.911,19719.574,19562.563,19403.029,19241.132,19077.045,18910.950,18743.038,18573.510,18402.570,18230.432,18057.311,17883.429,17709.010,17534.278,17359.461,17184.785,17010.476,16836.757,16663.852,16491.977,16321.347,16152.173,15984.658,15819.003,15655.400,15494.036,15335.089,15178.732,15025.130,14874.439,14726.808,14582.376,14441.278,14303.636,14169.565,14039.174,13912.561,13789.816,13671.022,13556.254,13445.576,13339.047,13236.718,13138.632,13044.825,12955.325,12870.153,12789.325,12712.848,12640.725,12572.950,12509.514,12450.402,12395.591,12345.057,12298.769,12256.690,12218.781,12185.000,12155.298,12129.625,12107.928,12090.152,12076.238,12066.127,12059.758,12057.070,12058.000,12062.488,12070.472,12081.893,12096.695,12114.823,12136.228,12160.863,12188.689,12219.673,12253.789,12291.019,12331.357,12374.809,12421.391,12471.137,12524.093,12580.327,12639.925,12702.993,12769.664,12840.094,12914.468,12993.000,13075.940,13163.566,13256.196,13354.187,13457.933,13567.871,13684.477,13808.270,13939.812,14079.699,14228.569,14387.088,14555.948,14735.857,14927.528,15131.662,15348.929,15579.944,15825.232,16085.192,16360.045,16649.776,16954.048,17272.118,17602.701,17943.828,18292.643,18645.152,18995.897,19337.535,19660.276,19951.162,20193.113,20363.710,20433.675,20365.108,20109.690,19607.407,18786.938,17569.490,15878.278,13654.830,10879.972,7593.490,3906.928,0.000
0.000,2481.022,4959.376,7431.940,9894.690,12342.233,14767.335,17160.483,19509.547,21799.654,24013.447,26131.886,28135.696,30007.364,31733.244,33305.058,34720.210,35981.015,37093.304,38064.937,38904.520,39620.458,40220.327,40710.518,41096.083,41380.735,41566.978,41656.374,41649.952,41548.785,41354.728,41071.241,40704.128,40261.927,39755.696,39198.157,38602.550,37981.554,37346.525,36707.105,36071.112,35444.647,34832.291,34237.349,33662.094,33107.984,32575.845,32066.027,31578.525,31113.075,30669.228,30246.408,29843.951,29461.139,29097.227,28751.454,28423.061,28111.294,27815.416,27534.706,27268.465,27016.015,26776.699,26549.882,26334.950,26131.309,25938.385,25755.619,25582.470,25418.412,25262.933,25115.532,24975.722,24843.024,24716.971,24597.104,24482.971,24374.129,24270.140,24170.577,24075.016,23983.040,23894.240,23808.212,23724.560,23642.894,23562.831,23484.000,23406.033,23328.574,23251.276,23173.802,23095.828,23017.038,22937.132,22855.822,22772.832,22687.903,22600.792,22511.270,22419.125,22324.162,22226.206,22125.097,22020.696,21912.880,21801.550,21686.621,21568.030,21445.734,21319.708,21189.947,21056.465,20919.295,20778.486,20634.108,20486.247,20335.004,20180.497,20022.861,19862.243,19698.804,19532.718,19364.169,19193.353,19020.474,18845.745,18669.388,18491.627,18312.695,18132.826,17952.258,17771.232,17589.987,17408.764,17227.803,17047.340,16867.609,16688.842,16511.263,16335.095,16160.553,15987.845,15817.174,15648.735,15482.715,15319.295,15158.645,15000.929,14846.301,14694.906,14546.883,14402.357,14261.450,14124.270,13990.920,13861.492,13736.070,13614.731,13497.540,13384.558,13275.834,13171.414,13071.332,12975.615,12884.286,12797.359,12714.841,12636.733,12563.030,12493.721,12428.790,12368.215,12311.968,12260.019,12212.331,12168.864,12129.574,12094.414,12063.333,12036.279,12013.196,11994.027,11978.714,11967.198,11959.419,11955.318,11954.835,11957.914,11964.501,11974.542,11987.989,12004.799,12024.933,12048.360,12075.055,12105.003,12138.199,12174.649,12214.375,12257.408,12303.801,12353.623,12406.962,12463.932,12524.668,12589.335,12658.125,12731.266,12809.018,12891.678,12979.586,13073.124,13172.721,13278.852,13392.046,13512.882,13641.996,13780.077,13927.872,14086.179,14255.851,14437.787,14632.927,14842.247,15066.739,15307.405,15565.225,15841.140,16136.013,16450.582,16785.413,17140.824,17516.800,17912.878,18328.003,18760.345,19207.048,19663.912,20124.952,20581.811,21022.943,21432.490,21788.714,22061.859,22211.301,22181.994,21900.650,21272.979,20185.003,18513.307,16148.910,13032.758,9189.875,4759.421,0.000
0.000,2593.011,5184.948,7774.215,10358.162,12932.495,15490.632,18023.028,20516.539,22953.985,25314.178,27572.745,29704.106,31684.609,33496.174,35128.962,36581.673,37859.872,38973.488,39934.467,40754.978,41446.241,42017.866,42477.533,42830.903,43081.676,43231.765,43281.608,43230.648,43078.076,42823.870,42470.094,42022.231,41490.036,40887.288,40230.292,39535.876,38819.708,38095.279,37373.509,36662.798,35969.310,35297.355,34649.770,34028.256,33433.670,32866.248,32325.781,31811.753,31323.438,30859.972,30420.415,30003.781,29609.070,29235.287,28881.454,28546.620,28229.863,27930.297,27647.071,27379.369,27126.410,26887.444,26661.755,26448.656,26247.484,26057.606,25878.409,25709.300,25549.707,25399.077,25256.868,25122.555,24995.626,24875.580,24761.927,24654.185,24551.882,24454.554,24361.744,24273.004,24187.892,24105.972,24026.818,23950.009,23875.132,23801.783,23729.565,23658.090,23586.982,23515.871,23444.401,23372.228,23299.017,23224.451,23148.222,23070.040,22989.630,22906.733,22821.108,22732.530,22640.792,22545.710,22447.114,22344.857,22238.811,22128.869,22014.945,21896.973,21774.907,21648.723,21518.418,21384.007,21245.528,21103.035,20956.603,20806.327,20652.316,20494.698,20333.617,20169.232,20001.716,19831.256,19658.049,19482.306,19304.246,19124.096,18942.091,18758.474,18573.491,18387.393,18200.433,18012.866,17824.947,17636.932,17449.075,17261.625,17074.831,16888.936,16704.178,16520.791,16339.000,16159.025,15981.079,15805.365,15632.079,15461.410,15293.535,15128.624,14966.837,14808.326,14653.231,14501.685,14353.812,14209.722,14069.522,13933.306,13801.159,13673.159,13549.374,13429.863,13314.678,13203.861,13097.449,12995.469,12897.941,12804.880,12716.290,12632.174,12552.523,12477.327,12406.568,12340.222,12278.261,12220.654,12167.362,12118.345,12073.558,12032.953,11996.481,11964.086,11935.715,11911.311,11890.816,11874.171,11861.320,11852.204,11846.766,11844.953,11846.713,11851.998,11860.764,11872.972,11888.591,11907.596,11929.971,11955.709,11984.817,12017.312,12053.228,12092.613,12135.535,12182.082,12232.364,12286.519,12344.708,12407.126,12474.001,12545.597,12622.216,12704.207,12791.963,12885.928,12986.601,13094.538,13210.354,13334.734,13468.426,13612.250,13767.099,13933.941,14113.814,14307.832,14517.179,14743.101,14986.902,15249.932,15533.569,15839.200,16168.194,16521.865,16901.430,17307.947,17742.244,18204.822,18695.730,19214.407,19759.461,20328.380,20917.136,21519.613,22126.807,22725.642,23297.206,23814.115,24236.566,24506.621,24540.464,24219.531,23384.405,21841.172,19394.844,15912.348,11373.871,5940.893,0.000
0.000,2706.103,5413.239,8121.879,10831.335,13539.058,16239.794,18924.601,21579.756,24185.751,26716.732,29141.028,31423.612,33531.048,35438.157,37133.236,38617.966,39903.650,41006.673,41944.856,42735.097,43392.105,43927.836,44351.350,44668.860,44883.877,44997.419,45008.308,44913.667,44709.767,44393.404,43963.919,43425.622,42789.723,42074.232,41301.030,40492.215,39667.469,38842.802,38030.367,37238.854,36474.116,35739.808,35037.954,34369.404,33734.185,33131.763,32561.241,32021.486,31511.237,31029.167,30573.927,30144.184,29738.635,29356.024,28995.148,28654.856,28334.056,28031.714,27746.846,27478.521,27225.857,26988.014,26764.194,26553.639,26355.624,26169.454,25994.464,25830.014,25675.488,25530.289,25393.840,25265.579,25144.961,25031.452,24924.532,24823.690,24728.426,24638.248,24552.674,24471.229,24393.446,24318.865,24247.034,24177.508,24109.853,24043.638,23978.446,23913.866,23849.498,23784.954,23719.854,23653.834,23586.542,23517.638,23446.799,23373.717,23298.101,23219.676,23138.186,23053.394,22965.082,22873.053,22777.129,22677.155,22572.996,22464.539,22351.695,22234.394,22112.591,21986.261,21855.401,21720.031,21580.192,21435.946,21287.372,21134.574,20977.671,20816.800,20652.117,20483.794,20312.016,20136.984,19958.911,19778.021,19594.550,19408.741,19220.846,19031.124,18839.836,18647.252,18453.640,18259.272,18064.419,17869.352,17674.340,17479.649,17285.540,17092.270,16900.091,16709.249,16519.980,16332.515,16147.077,15963.880,15783.128,15605.018,15429.733,15257.452,15088.340,14922.553,14760.239,14601.532,14446.560,14295.438,14148.273,14005.162,13866.192,13731.441,13600.979,13474.864,13353.149,13235.877,13123.082,13014.791,12911.024,12811.793,12717.104,12626.956,12541.341,12460.244,12383.648,12311.527,12243.853,12180.590,12121.702,12067.144,12016.873,11970.839,11928.990,11891.273,11857.632,11828.012,11802.353,11780.599,11762.691,11748.575,11738.194,11731.498,11728.437,11728.965,11733.044,11740.638,11751.721,11766.274,11784.288,11805.765,11830.719,11859.177,11891.186,11926.806,11966.120,12009.232,12056.272,12107.397,12162.795,12222.687,12287.330,12357.025,12432.114,12512.990,12600.097,12693.939,12795.080,12904.152,13021.858,13148.979,13286.376,13434.998,13595.883,13770.166,13959.075,14163.942,14386.196,14627.365,14889.076,15173.041,15481.057,15814.985,16176.736,16568.245,16991.437,17448.184,17940.254,18469.234,19036.442,19642.799,20288.668,20973.629,21696.169,22453.223,23239.513,24046.503,24860.750,25661.181,26414.539,27067.727,27535.285,27680.467,27292.071,26072.255,23677.038,19847.981,14452.404,7630.292,0.000
0.000,2818.189,5640.070,8468.788,11306.320,14152.702,17005.000,19855.954,22692.277,25492.692,28226.147,30851.215,33318.473,35578.038,37592.412,39348.120,40853.585,42130.388,43205.018,44103.526,44848.816,45459.635,45950.441,46331.618,46609.788,46788.068,46866.276,46841.129,46706.585,46454.612,46076.808,45567.367,44927.498,44169.958,43319.926,42408.500,41465.693,40516.442,39579.470,38667.765,37789.683,36950.122,36151.519,35394.630,34679.096,34003.854,33367.410,32768.036,32203.892,31673.111,31173.852,30704.334,30262.852,29847.789,29457.620,29090.912,28746.317,28422.573,28118.495,27832.975,27564.968,27313.493,27077.623,26856.486,26649.253,26455.137,26273.390,26103.295,25944.168,25795.349,25656.203,25526.118,25404.496,25290.762,25184.350,25084.710,24991.305,24903.606,24821.096,24743.266,24669.615,24599.651,24532.890,24468.855,24407.077,24347.097,24288.462,24230.730,24173.468,24116.252,24058.673,24000.330,23940.836,23879.819,23816.920,23751.797,23684.123,23613.590,23539.907,23462.804,23382.030,23297.354,23208.567,23115.483,23017.936,22915.787,22808.916,22697.229,22580.655,22459.146,22332.679,22201.252,22064.889,21923.635,21777.558,21626.746,21471.310,21311.380,21147.104,20978.651,20806.204,20629.966,20450.150,20266.986,20080.715,19891.589,19699.868,19505.823,19309.729,19111.867,18912.524,18711.985,18510.539,18308.476,18106.083,17903.645,17701.443,17499.755,17298.851,17098.997,16900.451,16703.463,16508.276,16315.122,16124.225,15935.799,15750.047,15567.163,15387.331,15210.722,15037.498,14867.810,14701.799,14539.594,14381.314,14227.068,14076.954,13931.062,13789.470,13652.248,13519.455,13391.144,13267.356,13148.125,13033.478,12923.433,12818.001,12717.185,12620.984,12529.387,12442.379,12359.939,12282.042,12208.655,12139.743,12075.266,12015.180,11959.437,11907.989,11860.781,11817.760,11778.869,11744.050,11713.246,11686.399,11663.451,11644.349,11629.036,11617.463,11609.582,11605.351,11604.732,11607.694,11614.215,11624.280,11637.885,11655.039,11675.763,11700.093,11728.084,11759.808,11795.360,11834.858,11878.449,11926.308,11978.642,12035.697,12097.760,12165.159,12238.274,12317.538,12403.442,12496.545,12597.470,12706.922,12825.684,12954.631,13094.733,13247.062,13412.798,13593.240,13789.804,14004.037,14237.618,14492.360,14770.214,15073.269,15403.752,15764.018,16156.543,16583.915,17048.811,17553.974,18102.181,18696.202,19338.741,20032.369,20779.427,21581.901,22441.241,23358.109,24331.985,25360.532,26438.491,27555.658,28692.977,29814.719,30852.696,31675.155,32031.296,31478.844,29393.150,25350.189,18957.502,10127.880,0.000
0.000,2926.605,5860.106,8806.937,11772.525,14760.518,17771.648,20802.054,23840.835,26866.733,29844.104,32719.380,35421.210,37870.410,40005.542,41813.470,43318.104,44559.553,45579.760,46415.707,47097.317,47647.515,48083.032,48415.278,48651.018,48792.773,48838.965,48783.863,48617.493,48325.899,47892.515,47301.976,46547.847,45643.566,44627.982,43548.407,42446.757,41354.371,40292.197,39272.951,38303.491,37386.756,36523.189,35711.703,34950.332,34236.637,33567.978,32941.669,32355.076,31805.676,31291.083,30809.060,30357.523,29934.538,29538.312,29167.181,28819.608,28494.163,28189.522,27904.451,27637.800,27388.495,27155.528,26937.953,26734.880,26545.462,26368.902,26204.435,26051.335,25908.903,25776.469,25653.384,25539.022,25432.774,25334.047,25242.264,25156.859,25077.279,25002.979,24933.425,24868.092,24806.462,24748.027,24692.284,24638.742,24586.915,24536.327,24486.512,24437.013,24387.385,24337.192,24286.011,24233.436,24179.071,24122.537,24063.472,24001.531,23936.387,23867.733,23795.282,23718.769,23637.950,23552.605,23462.536,23367.569,23267.558,23162.377,23051.928,22936.136,22814.953,22688.356,22556.347,22418.952,22276.222,22128.230,21975.074,21816.874,21653.771,21485.926,21313.520,21136.753,20955.840,20771.013,20582.518,20390.614,20195.571,19997.668,19797.195,19594.447,19389.724,19183.330,18975.571,18766.756,18557.190,18347.181,18137.029,17927.034,17717.487,17508.676,17300.881,17094.372,16889.414,16686.261,16485.156,16286.333,16090.016,15896.417,15705.738,15518.167,15333.885,15153.057,14975.839,14802.377,14632.802,14467.236,14305.791,14148.567,13995.653,13847.130,13703.065,13563.521,13428.547,13298.184,13172.467,13051.420,12935.059,12823.394,12716.427,12614.153,12516.561,12423.633,12335.345,12251.671,12172.575,12098.021,12027.966,11962.364,11901.166,11844.320,11791.772,11743.465,11699.342,11659.346,11623.415,11591.493,11563.522,11539.445,11519.210,11502.765,11490.065,11481.067,11475.737,11474.046,11475.974,11481.509,11490.651,11503.414,11519.824,11539.925,11563.777,11591.462,11623.085,11658.775,11698.691,11743.024,11792.000,11845.883,11904.983,11969.656,12040.312,12117.420,12201.514,12293.198,12393.153,12502.147,12621.040,12750.792,12892.475,13047.277,13216.515,13401.645,13604.266,13826.137,14069.180,14335.491,14627.349,14947.220,15297.764,15681.840,16102.504,16563.014,17066.823,17617.578,18219.107,18875.415,19590.669,20369.181,21215.399,22133.888,23129.324,24206.482,25370.239,26625.556,27977.387,29430.308,30987.273,32645.712,34385.821,36136.320,37679.232,38418.760,37066.592,33202.162,25899.557,13923.733,0.000
0.000,3028.147,6066.847,9126.379,12216.389,15345.271,18519.110,21739.877,25002.391,28289.423,31564.287,34761.135,37776.729,40477.014,42746.049,44582.300,46046.005,47210.173,48138.986,48882.467,49477.489,49950.351,50319.190,50595.764,50786.575,50893.410,50913.350,50838.302,50654.101,50339.496,49865.953,49200.819,48319.064,47229.281,46000.921,44711.373,43419.639,42163.267,40963.265,39829.715,38766.026,37771.765,36844.404,35980.375,35175.683,34426.260,33728.150,33077.614,32471.171,31905.612,31377.991,30885.617,30426.029,29996.983,29596.425,29222.476,28873.415,28547.656,28243.744,27960.329,27696.165,27450.092,27221.027,27007.961,26809.941,26626.072,26455.508,26297.445,26151.116,26015.787,25890.754,25775.339,25668.885,25570.755,25480.330,25397.005,25320.191,25249.307,25183.785,25123.065,25066.598,25013.841,24964.261,24917.332,24872.536,24829.364,24787.315,24745.897,24704.631,24663.045,24620.681,24577.093,24531.849,24484.534,24434.746,24382.101,24326.235,24266.802,24203.477,24135.958,24063.962,23987.234,23905.539,23818.670,23726.444,23628.705,23525.322,23416.192,23301.240,23180.415,23053.695,22921.083,22782.612,22638.336,22488.338,22332.723,22171.623,22005.190,21833.599,21657.045,21475.742,21289.925,21099.842,20905.758,20707.951,20506.711,20302.338,20095.141,19885.437,19673.545,19459.792,19244.503,19028.007,18810.630,18592.696,18374.528,18156.439,17938.741,17721.736,17505.719,17290.977,17077.786,16866.412,16657.111,16450.128,16245.697,16044.037,15845.358,15649.858,15457.720,15269.117,15084.210,14903.146,14726.062,14553.082,14384.319,14219.874,14059.839,13904.293,13753.305,13606.936,13465.234,13328.241,13195.988,13068.498,12945.787,12827.860,12714.719,12606.355,12502.756,12403.901,12309.764,12220.315,12135.517,12055.330,11979.709,11908.606,11841.970,11779.745,11721.877,11668.306,11618.974,11573.819,11532.782,11495.803,11462.823,11433.786,11408.637,11387.325,11369.804,11356.034,11345.978,11339.609,11336.909,11337.869,11342.490,11350.789,11362.796,11378.558,11398.142,11421.636,11449.150,11480.824,11516.826,11557.357,11602.659,11653.010,11708.740,11770.225,11837.902,11912.270,11993.897,12083.429,12181.594,12289.219,12407.229,12536.663,12678.685,12834.591,13005.826,13193.990,13400.860,13628.394,13878.752,14154.304,14457.649,14791.624,15159.323,15564.102,16009.599,16499.745,17038.775,17631.243,18282.044,18996.429,19780.038,20638.942,21579.710,22609.497,23736.207,24968.734,26317.368,27794.460,29415.544,31201.222,33180.357,35395.258,37908.735,40805.207,44130.647,47450.432,47252.337,44492.334,37514.846,19667.498,0.000
0.000,3119.157,6252.787,9415.387,12621.436,15885.132,19219.723,22636.041,26139.523,29724.384,33362.598,36984.260,40447.681,43514.999,45919.475,47723.822,49073.600,50096.314,50883.721,51497.877,51980.025,52357.428,52647.847,52862.264,53006.381,53081.234,53083.042,53002.240,52821.496,52512.459,52031.458,51316.827,50298.929,48954.285,47435.863,45877.443,44358.180,42916.912,41569.102,40317.931,39160.542,38091.372,37103.874,36191.381,35347.523,34566.404,33842.661,33171.457,32548.450,31969.749,31431.865,30931.668,30466.344,30033.355,29630.410,29255.429,28906.524,28581.971,28280.193,27999.741,27739.280,27497.575,27273.479,27065.921,26873.901,26696.478,26532.763,26381.916,26243.137,26115.659,25998.749,25891.701,25793.831,25704.477,25622.996,25548.759,25481.149,25419.564,25363.411,25312.107,25265.078,25221.758,25181.588,25144.017,25108.503,25074.511,25041.516,25009.001,24976.459,24943.396,24909.327,24873.782,24836.307,24796.459,24753.817,24707.974,24658.544,24605.163,24547.485,24485.192,24417.985,24345.592,24267.768,24184.292,24094.973,23999.646,23898.174,23790.450,23676.394,23555.957,23429.116,23295.880,23156.282,23010.385,22858.280,22700.082,22535.933,22365.999,22190.470,22009.556,21823.489,21632.520,21436.919,21236.969,21032.970,20825.233,20614.080,20399.843,20182.860,19963.473,19742.031,19518.882,19294.375,19068.858,18842.676,18616.169,18389.672,18163.513,17938.012,17713.480,17490.219,17268.519,17048.660,16830.909,16615.523,16402.744,16192.802,15985.914,15782.285,15582.106,15385.553,15192.792,15003.975,14819.241,14638.716,14462.514,14290.740,14123.484,13960.825,13802.833,13649.566,13501.074,13357.394,13218.558,13084.586,12955.491,12831.277,12711.941,12597.474,12487.859,12383.074,12283.089,12187.870,12097.378,12011.570,11930.399,11853.814,11781.759,11714.178,11651.012,11592.200,11537.681,11487.391,11441.269,11399.252,11361.281,11327.296,11297.243,11271.069,11248.727,11230.175,11215.378,11204.307,11196.944,11193.280,11193.319,11197.077,11204.586,11215.896,11231.077,11250.219,11273.438,11300.878,11332.714,11369.156,11410.451,11456.893,11508.823,11566.635,11630.783,11701.790,11780.253,11866.850,11962.351,12067.627,12183.662,12311.564,12452.576,12608.091,12779.666,12969.040,13178.147,13409.134,13664.385,13946.529,14258.472,14603.411,14984.856,15406.652,15873.005,16388.504,16958.150,17587.394,18282.168,19048.943,19894.790,20827.477,21855.592,22988.730,24237.776,25615.341,27136.457,28819.749,30689.440,32778.969,35137.924,37846.431,41048.813,45045.237,50587.781,60000.000,60000.000,60000.000,60000.000,27231.414,0.000
0.000,3195.711,6409.783,9660.985,12968.885,16354.157,19838.675,23445.115,27195.356,31106.080,35177.551,39365.719,43514.830,47215.922,49693.132,51320.017,52428.372,53217.880,53801.834,54245.432,54587.453,54851.645,55052.676,55199.247,55295.647,55342.316,55335.575,55266.376,55117.469,54857.703,54430.960,53736.527,52606.053,50853.684,48911.534,47005.203,45219.684,43578.164,42079.470,40713.633,39468.203,38330.764,37289.884,36335.384,35458.338,34650.971,33906.511,33219.057,32583.453,31995.171,31450.226,30945.091,30476.635,30042.064,29638.873,29264.813,28917.850,28596.140,28298.004,28021.907,27766.440,27530.305,27312.299,27111.303,26926.274,26756.233,26600.257,26457.473,26327.053,26208.203,26100.165,26002.208,25913.624,25833.731,25761.859,25697.359,25639.591,25587.932,25541.764,25500.481,25463.487,25430.190,25400.008,25372.365,25346.694,25322.434,25299.033,25275.949,25252.650,25228.613,25203.329,25176.303,25147.054,25115.116,25080.042,25041.403,24998.791,24951.819,24900.123,24843.366,24781.231,24713.433,24639.710,24559.832,24473.594,24380.826,24281.382,24175.151,24062.051,23942.032,23815.071,23681.181,23540.400,23392.799,23238.477,23077.559,22910.201,22736.581,22556.906,22371.404,22180.324,21983.938,21782.535,21576.423,21365.921,21151.366,20933.103,20711.487,20486.880,20259.651,20030.170,19798.808,19565.940,19331.935,19097.159,18861.975,18626.736,18391.790,18157.475,17924.120,17692.042,17461.545,17232.925,17006.459,16782.415,16561.048,16342.595,16127.283,15915.322,15706.909,15502.227,15301.446,15104.720,14912.192,14723.990,14540.230,14361.016,14186.439,14016.578,13851.502,13691.268,13535.923,13385.505,13240.041,13099.549,12964.040,12833.515,12707.969,12587.388,12471.752,12361.035,12255.206,12154.226,12058.053,11966.641,11879.938,11797.890,11720.440,11647.526,11579.088,11515.061,11455.380,11399.981,11348.796,11301.764,11258.820,11219.904,11184.959,11153.928,11126.765,11103.425,11083.870,11068.072,11056.010,11047.675,11043.068,11042.207,11045.124,11051.866,11062.505,11077.132,11095.863,11118.846,11146.256,11178.309,11215.257,11257.398,11305.083,11358.714,11418.761,11485.760,11560.328,11643.168,11735.080,11836.972,11949.874,12074.948,12213.505,12367.018,12537.145,12725.743,12934.886,13166.895,13424.354,13710.136,14027.431,14379.774,14771.070,15205.630,15688.200,16224.001,16818.771,17478.809,18211.041,19023.088,19923.363,20921.200,22027.023,23252.584,24611.316,26118.840,27793.772,29659.001,31743.815,34087.567,36746.170,39803.918,43394.991,47739.236,53175.270,60000.000,60000.000,60000.000,60000.000,29258.158,0.000
0.000,3253.920,6529.676,9849.920,13239.005,16723.984,20335.764,24110.450,28090.776,32327.099,36875.875,41786.305,47030.064,52140.785,54317.176,55434.807,56102.057,56545.074,56860.382,57094.646,57272.797,57409.119,57512.068,57586.510,57634.763,57656.936,57650.710,57610.377,57524.477,57370.124,57098.389,56592.561,55535.449,52943.379,50352.036,48012.929,45938.088,44097.603,42458.102,40990.154,39669.193,38475.014,37391.021,36403.525,35501.155,34674.390,33915.193,33216.726,32573.125,31979.323,31430.914,30924.043,30455.317,30021.732,29620.612,29249.569,28906.453,28589.324,28296.424,28026.148,27777.030,27547.721,27336.976,27143.637,26966.628,26804.940,26657.622,26523.777,26402.552,26293.133,26194.739,26106.619,26028.047,25958.318,25896.743,25842.653,25795.388,25754.302,25718.757,25688.125,25661.785,25639.124,25619.532,25602.412,25587.168,25573.215,25559.975,25546.877,25533.363,25518.883,25502.901,25484.893,25464.353,25440.789,25413.728,25382.717,25347.324,25307.140,25261.780,25210.885,25154.124,25091.192,25021.814,24945.746,24862.774,24772.717,24675.423,24570.776,24458.692,24339.118,24212.036,24077.458,23935.432,23786.034,23629.373,23465.587,23294.844,23117.339,22933.294,22742.956,22546.596,22344.506,22136.998,21924.403,21707.067,21485.348,21259.620,21030.263,20797.666,20562.221,20324.326,20084.379,19842.777,19599.914,19356.180,19111.959,18867.627,18623.551,18380.089,18137.587,17896.378,17656.784,17419.112,17183.655,16950.692,16720.486,16493.286,16269.326,16048.823,15831.981,15618.987,15410.015,15205.224,15004.757,14808.746,14617.306,14430.543,14248.546,14071.395,13899.157,13731.887,13569.632,13412.424,13260.290,13113.245,12971.296,12834.440,12702.669,12575.966,12454.307,12337.663,12225.998,12119.269,12017.431,11920.434,11828.222,11740.736,11657.917,11579.699,11506.017,11436.803,11371.990,11311.508,11255.289,11203.265,11155.371,11111.542,11071.717,11035.839,11003.857,10975.723,10951.397,10930.848,10914.052,10900.999,10891.687,10886.129,10884.356,10886.414,10892.372,10902.318,10916.368,10934.666,10957.390,10984.750,11017.002,11054.444,11097.428,11146.361,11201.716,11264.040,11333.959,11412.190,11499.552,11596.980,11705.534,11826.417,11960.992,12110.796,12277.567,12463.259,12670.069,12900.464,13157.206,13443.385,13762.450,14118.240,14515.029,14957.556,15451.074,16001.395,16614.939,17298.803,18060.826,18909.686,19855.013,20907.533,22079.266,23383.779,24836.530,26455.358,28261.177,30279.010,32539.553,35081.574,37955.488,41228.253,44988.122,49341.525,54374.087,60000.000,60000.000,60000.000,60000.000,29801.219,0.000
0.000,3290.306,6605.101,9970.040,13413.268,16967.054,20669.994,24570.200,28730.253,33235.719,38212.599,43873.608,50678.369,60000.000,60000.000,60000.000,60000.000,60000.000,60000.000,60000.000,60000.000,60000.000,60000.000,60000.000,60000.000,60000.000,60000.000,60000.000,60000.000,60000.000,60000.000,60000.000,60000.000,55032.753,51540.876,48757.108,46422.984,44417.027,42666.260,41120.872,39744.686,38510.456,37397.132,36388.099,35470.008,34631.964,33864.950,33161.412,32514.955,31920.110,31372.164,30867.021,30401.097,29971.236,29574.643,29208.828,28871.560,28560.832,28274.827,28011.896,27770.531,27549.348,27347.071,27162.518,26994.588,26842.249,26704.534,26580.526,26469.354,26370.188,26282.232,26204.716,26136.899,26078.058,26027.488,25984.502,25948.420,25918.577,25894.315,25874.985,25859.942,25848.550,25840.177,25834.198,25829.994,25826.950,25824.462,25821.933,25818.773,25814.406,25808.267,25799.805,25788.483,25773.783,25755.205,25732.269,25704.518,25671.521,25632.869,25588.182,25537.110,25479.331,25414.553,25342.520,25263.006,25175.819,25080.802,24977.833,24866.824,24747.723,24620.512,24485.210,24341.867,24190.571,24031.439,23864.623,23690.305,23508.697,23320.039,23124.600,22922.671,22714.568,22500.628,22281.206,22056.677,21827.426,21593.852,21356.366,21115.384,20871.328,20624.621,20375.690,20124.957,19872.844,19619.765,19366.127,19112.330,18858.762,18605.801,18353.811,18103.145,17854.139,17607.115,17362.380,17120.224,16880.921,16644.730,16411.892,16182.632,15957.160,15735.667,15518.332,15305.316,15096.765,14892.810,14693.570,14499.148,14309.635,14125.108,13945.632,13771.261,13602.038,13437.994,13279.151,13125.522,12977.109,12833.907,12695.902,12563.074,12435.395,12312.831,12195.342,12082.881,11975.399,11872.839,11775.144,11682.250,11594.092,11510.601,11431.708,11357.342,11287.429,11221.896,11160.672,11103.685,11050.865,11002.143,10957.456,10916.743,10879.946,10847.016,10817.909,10792.589,10771.028,10753.212,10739.134,10728.806,10722.250,10719.511,10720.650,10725.752,10734.929,10748.318,10766.092,10788.457,10815.664,10848.006,10885.829,10929.540,10979.609,11036.579,11101.079,11173.830,11255.658,11347.508,11450.459,11565.737,11694.738,11839.046,12000.453,12180.990,12382.949,12608.916,12861.802,13144.880,13461.821,13816.739,14214.231,14659.425,15158.033,15716.404,16341.583,17041.385,17824.477,18700.478,19680.084,20775.226,21999.263,23367.225,24896.116,26605.293,28516.936,30656.635,33054.102,35743.933,38766.158,42165.646,45987.837,50264.728,54979.575,60000.000,60000.000,60000.000,60000.000,29946.718,0.000
0.000,3302.216,6630.401,10011.897,13477.006,17061.007,20806.999,24770.148,29024.364,33672.968,38865.232,44817.189,51809.813,60000.000,60000.000,60000.000,60000.000,60000.000,60000.000,60000.000,60000.000,60000.000,60000.000,60000.000,60000.000,60000.000,60000.000,60000.000,60000.000,60000.000,60000.000,60000.000,60000.000,55647.101,52022.126,49052.316,46580.516,44482.191,42670.079,41083.537,39679.469,38426.337,37300.386,36283.253,35360.423,34520.199,33752.999,33050.863,32407.092,31815.992,31272.675,30772.912,30313.013,29889.739,29500.227,29141.931,28812.579,28510.126,28232.726,27978.703,27746.529,27534.801,27342.227,27167.610,27009.838,26867.867,26740.716,26627.459,26527.215,26439.141,26362.429,26296.301,26239.998,26192.787,26153.948,26122.775,26098.576,26080.666,26068.368,26061.012,26057.931,26058.468,26061.966,26067.773,26075.244,26083.739,26092.624,26101.271,26109.064,26115.396,26119.670,26121.306,26119.739,26114.419,26104.818,26090.429,26070.769,26045.379,26013.828,25975.714,25930.664,25878.340,25818.432,25750.670,25674.815,25590.666,25498.057,25396.862,25286.989,25168.386,25041.038,24904.965,24760.228,24606.920,24445.172,24275.150,24097.050,23911.103,23717.571,23516.742,23308.932,23094.483,22873.758,22647.141,22415.033,22177.852,21936.026,21689.996,21440.208,21187.115,20931.170,20672.830,20412.546,20150.766,19887.931,19624.474,19360.820,19097.378,18834.548,18572.715,18312.248,18053.501,17796.811,17542.498,17290.866,17042.199,16796.765,16554.813,16316.576,16082.269,15852.087,15626.214,15404.812,15188.029,14975.998,14768.837,14566.649,14369.523,14177.535,13990.748,13809.213,13632.969,13462.045,13296.459,13136.219,12981.324,12831.763,12687.520,12548.569,12414.877,12286.406,12163.109,12044.938,11931.836,11823.743,11720.596,11622.327,11528.865,11440.138,11356.071,11276.588,11201.613,11131.066,11064.871,11002.953,10945.236,10891.648,10842.120,10796.586,10754.984,10717.261,10683.365,10653.258,10626.905,10604.286,10585.390,10570.219,10558.793,10551.147,10547.336,10547.436,10551.552,10559.813,10572.380,10589.453,10611.270,10638.115,10670.324,10708.291,10752.477,10803.415,10861.723,10928.115,11003.412,11088.555,11184.623,11292.849,11414.641,11551.605,11705.567,11878.606,12073.077,12291.654,12537.361,12813.614,13124.270,13473.668,13866.685,14308.787,14806.090,15365.418,15994.370,16701.400,17495.898,18388.299,19390.213,20514.576,21775.844,23190.211,24775.846,26553.152,28544.987,30776.805,33276.558,36074.129,39199.757,42680.488,46532.960,50750.038,55279.508,60000.000,60000.000,60000.000,60000.000,29985.652,0.000
0.000,3288.169,6602.405,9970.165,13421.879,16993.003,20726.881,24679.066,28924.124,33566.595,38758.200,44720.124,51743.701,60000.000,60000.000,60000.000,60000.000,60000.000,60000.000,60000.000,60000.000,60000.000,60000.000,60000.000,60000.000,60000.000,60000.000,60000.000,60000.000,60000.000,60000.000,60000.000,60000.000,55533.839,51848.702,48850.154,46365.351,44262.040,42449.341,40864.843,39464.532,38216.349,37096.224,36085.594,35169.805,34337.064,33577.721,32883.759,32248.443,31666.048,31131.661,30641.036,30190.468,29776.708,29396.884,29048.445,28729.113,28436.839,28169.776,27926.246,27704.718,27503.789,27322.165,27158.650,27012.126,26881.549,26765.935,26664.355,26575.923,26499.790,26435.144,26381.196,26337.182,26302.355,26275.986,26257.356,26245.756,26240.487,26240.853,26246.164,26255.735,26268.883,26284.927,26303.192,26323.003,26343.693,26364.598,26385.061,26404.434,26422.078,26437.365,26449.683,26458.435,26463.039,26462.939,26457.596,26446.498,26429.160,26405.125,26373.967,26335.293,26288.741,26233.987,26170.743,26098.759,26017.822,25927.759,25828.436,25719.761,25601.680,25474.179,25337.286,25191.065,25035.623,24871.101,24697.679,24515.574,24325.033,24126.342,23919.812,23705.785,23484.630,23256.739,23022.528,22782.428,22536.889,22286.373,22031.353,21772.308,21509.725,21244.089,20975.887,20705.602,20433.712,20160.686,19886.985,19613.058,19339.340,19066.253,18794.201,18523.574,18254.742,17988.059,17723.859,17462.457,17204.149,16949.213,16697.906,16450.465,16207.113,15968.050,15733.461,15503.510,15278.349,15058.109,14842.908,14632.848,14428.016,14228.485,14034.317,13845.558,13662.245,13484.401,13312.041,13145.168,12983.776,12827.851,12677.370,12532.302,12392.610,12258.248,12129.167,12005.312,11886.620,11773.027,11664.464,11560.858,11462.133,11368.211,11279.013,11194.456,11114.459,11038.939,10967.813,10901.000,10838.422,10779.998,10725.654,10675.321,10628.929,10586.419,10547.735,10512.829,10481.663,10454.208,10430.445,10410.369,10393.991,10381.337,10372.451,10367.402,10366.278,10369.200,10376.314,10387.807,10403.900,10424.863,10451.012,10482.725,10520.442,10564.678,10616.030,10675.192,10742.964,10820.269,10908.168,11007.881,11120.807,11248.549,11392.938,11556.068,11740.328,11948.439,12183.497,12449.022,12749.002,13087.955,13470.981,13903.829,14392.955,14945.593,15569.822,16274.643,17070.068,17967.220,18978.460,20117.547,21399.815,22842.375,24464.313,26286.851,28333.391,30629.333,33201.451,36076.488,39278.433,42823.729,46713.578,50923.017,55388.439,60000.000,60000.000,60000.000,60000.000,29995.892,0.000
0.000,3248.061,6520.902,9844.496,13247.368,16762.274,20428.487,24295.145,28426.503,32911.119,37880.876,43561.423,50444.875,60000.000,60000.000,60000.000,60000.000,60000.000,60000.000,60000.000,60000.000,60000.000,60000.000,60000.000,60000.000,60000.000,60000.000,60000.000,60000.000,60000.000,60000.000,60000.000,60000.000,54639.869,50989.170,48134.872,45769.450,43752.154,42001.386,40463.054,39098.656,37879.586,36783.943,35794.553,34897.681,34082.157,33338.761,32659.788,32038.725,31470.016,30948.878,30471.162,30033.242,29631.931,29264.408,28928.166,28620.960,28340.773,28085.781,27854.329,27644.904,27456.119,27286.695,27135.444,27001.261,26883.107,26780.007,26691.032,26615.301,26551.966,26500.211,26459.247,26428.303,26406.627,26393.480,26388.133,26389.866,26397.963,26411.713,26430.406,26453.338,26479.803,26509.096,26540.514,26573.358,26606.928,26640.531,26673.478,26705.089,26734.691,26761.622,26785.237,26804.903,26820.008,26829.958,26834.187,26832.151,26823.335,26807.255,26783.460,26751.531,26711.088,26661.787,26603.323,26535.431,26457.888,26370.513,26273.166,26165.750,26048.212,25920.540,25782.767,25634.966,25477.253,25309.783,25132.754,24946.398,24750.988,24546.829,24334.261,24113.653,23885.404,23649.938,23407.703,23159.165,22904.810,22645.133,22380.645,22111.861,21839.301,21563.487,21284.941,21004.177,20721.706,20438.028,20153.632,19868.994,19584.576,19300.821,19018.158,18736.994,18457.719,18180.703,17906.293,17634.817,17366.584,17101.878,16840.966,16584.093,16331.483,16083.343,15839.858,15601.197,15367.509,15138.928,14915.569,14697.532,14484.903,14277.752,14076.136,13880.099,13689.671,13504.873,13325.714,13152.192,12984.295,12822.004,12665.291,12514.118,12368.442,12228.214,12093.377,11963.869,11839.624,11720.570,11606.633,11497.734,11393.792,11294.722,11200.440,11110.857,11025.886,10945.439,10869.427,10797.763,10730.362,10667.138,10608.012,10552.905,10501.745,10454.462,10410.995,10371.288,10335.295,10302.977,10274.308,10249.273,10227.871,10210.117,10196.044,10185.706,10179.178,10176.563,10177.993,10183.632,10193.685,10208.396,10228.060,10253.027,10283.711,10320.595,10364.247,10415.326,10474.598,10542.950,10621.409,10711.159,10813.565,10930.199,11062.869,11213.650,11384.926,11579.422,11800.264,12051.018,12335.757,12659.114,13026.354,13443.442,13917.111,14454.934,15065.393,15757.952,16543.138,17432.635,18439.404,19577.842,20863.959,22315.586,23952.569,25796.900,27872.706,30205.962,32823.666,35752.144,39013.928,42622.547,46574.700,50840.069,55351.250,60000.000,60000.000,60000.000,60000.000,29997.917,0.000
0.000,3183.184,6388.657,9639.569,12960.847,16380.261,19929.676,23646.553,27575.656,31770.530,36292.787,41199.835,46474.384,51651.671,53836.981,54945.053,55596.513,56021.878,56319.475,56536.822,56699.302,56821.451,56911.853,56975.421,57014.434,57028.873,57016.168,56970.172,56878.641,56717.194,56433.724,55903.815,54788.809,52036.820,49333.731,46931.342,44826.171,42976.601,41341.963,39888.402,38588.617,37420.653,36366.753,35412.423,34545.723,33756.715,33037.049,32379.650,31778.470,31228.302,30724.631,30263.515,29841.496,29455.517,29102.867,28781.125,28488.122,28221.902,27980.693,27762.885,27567.003,27391.694,27235.705,27097.873,26977.115,26872.408,26782.791,26707.349,26645.206,26595.524,26557.490,26530.316,26513.232,26505.480,26506.318,26515.008,26530.819,26553.023,26580.893,26613.704,26650.729,26691.240,26734.508,26779.805,26826.400,26873.567,26920.577,26966.709,27011.249,27053.487,27092.728,27128.286,27159.496,27185.707,27206.293,27220.650,27228.203,27228.406,27220.746,27204.742,27179.952,27145.972,27102.438,27049.028,26985.462,26911.505,26826.966,26731.699,26625.604,26508.628,26380.762,26242.042,26092.553,25932.420,25761.814,25580.949,25390.079,25189.498,24979.538,24760.567,24532.985,24297.222,24053.739,23803.017,23545.561,23281.894,23012.552,22738.082,22459.039,22175.983,21889.473,21600.066,21308.314,21014.762,20719.941,20424.373,20128.562,19832.995,19538.143,19244.455,18952.361,18662.269,18374.564,18089.610,17807.747,17529.294,17254.545,16983.773,16717.231,16455.148,16197.732,15945.172,15697.637,15455.277,15218.224,14986.592,14760.478,14539.965,14325.119,14115.994,13912.627,13715.045,13523.264,13337.285,13157.102,12982.698,12814.046,12651.112,12493.852,12342.218,12196.153,12055.593,11920.472,11790.716,11666.247,11546.984,11432.842,11323.734,11219.570,11120.257,11025.703,10935.812,10850.490,10769.643,10693.177,10620.999,10553.019,10489.149,10429.303,10373.402,10321.367,10273.131,10228.628,10187.802,10150.606,10117.002,10086.963,10060.477,10037.545,10018.185,10002.435,9990.354,9982.023,9977.554,9977.089,9980.805,9988.920,10001.698,10019.456,10042.571,10071.487,10106.727,10148.905,10198.738,10257.060,10324.842,10403.210,10493.471,10597.138,10715.960,10851.960,11007.469,11185.178,11388.183,11620.047,11884.858,12187.305,12532.747,12927.295,13377.887,13892.366,14479.546,15149.274,15912.495,16781.333,17769.197,18890.934,20163.031,21603.845,23233.845,25075.802,27154.869,29498.404,32135.333,35094.687,38402.744,42077.954,46122.693,50511.361,55176.509,60000.000,60000.000,60000.000,60000.000,29995.777,0.000
0.000,3096.022,6210.988,9364.291,12576.210,15868.271,19263.427,22785.764,26459.065,30302.584,34319.934,38470.770,42601.174,46295.336,48751.216,50346.737,51419.139,52171.543,52719.223,53128.537,53438.966,53674.679,53850.576,53975.439,54053.490,54084.944,54065.691,53985.955,53827.288,53556.521,53114.025,52392.915,51214.887,49385.270,47378.114,45431.229,43628.040,41986.970,40502.417,39161.025,37947.902,36848.892,35851.312,34944.067,34117.557,33363.491,32674.708,32045.005,31468.987,30941.945,30459.749,30018.761,29615.761,29247.890,28912.593,28607.582,28330.795,28080.369,27854.609,27651.973,27471.041,27310.509,27169.166,27045.888,26939.619,26849.368,26774.193,26713.198,26665.526,26630.348,26606.862,26594.285,26591.850,26598.802,26614.394,26637.884,26668.532,26705.599,26748.344,26796.026,26847.896,26903.207,26961.204,27021.131,27082.229,27143.737,27204.897,27264.950,27323.144,27378.733,27430.982,27479.168,27522.585,27560.545,27592.382,27617.457,27635.159,27644.907,27646.156,27638.397,27621.161,27594.018,27556.584,27508.517,27449.522,27379.351,27297.802,27204.725,27100.014,26983.616,26855.526,26715.786,26564.488,26401.771,26227.823,26042.874,25847.202,25641.125,25425.003,25199.234,24964.252,24720.523,24468.543,24208.835,23941.943,23668.432,23388.880,23103.876,22814.019,22519.909,22222.146,21921.329,21618.047,21312.880,21006.397,20699.151,20391.676,20084.489,19778.087,19472.943,19169.507,18868.207,18569.446,18273.601,17981.026,17692.049,17406.975,17126.085,16849.635,16577.859,16310.969,16049.153,15792.582,15541.405,15295.751,15055.733,14821.445,14592.964,14370.354,14153.662,13942.921,13738.152,13539.363,13346.552,13159.704,12978.796,12803.795,12634.659,12471.338,12313.776,12161.909,12015.668,11874.979,11739.760,11609.928,11485.394,11366.067,11251.852,11142.653,11038.370,10938.905,10844.154,10754.017,10668.393,10587.181,10510.280,10437.594,10369.025,10304.482,10243.875,10187.120,10134.137,10084.852,10039.199,9997.119,9958.562,9923.489,9891.872,9863.698,9838.969,9817.702,9799.935,9785.730,9775.173,9768.377,9765.489,9766.695,9772.221,9782.343,9797.393,9817.765,9843.929,9876.439,9915.946,9963.214,10019.139,10084.767,10161.318,10250.216,10353.117,10471.949,10608.951,10766.722,10948.278,11157.110,11397.257,11673.385,11990.869,12355.891,12775.518,13257.796,13811.804,14447.711,15176.803,16011.533,16965.605,18054.117,19293.799,20703.298,22303.507,24117.905,26172.839,28497.695,31124.786,34088.705,37424.552,41163.945,45326.839,49906.223,54843.441,60000.000,60000.000,60000.000,60000.000,29985.191,0.000
0.000,2989.925,5994.992,9030.412,12111.449,15253.209,18470.023,21774.037,25172.282,28660.837,32213.624,35762.161,39164.233,42177.308,44525.835,46271.567,47561.796,48525.966,49257.374,49819.180,50253.391,50587.777,50840.396,51022.336,51139.223,51191.812,51175.801,51080.790,50888.181,50567.751,50073.153,49339.205,48292.905,46911.705,45362.772,43788.071,42268.538,40841.671,39520.654,38306.417,37194.199,36176.916,35246.831,34396.356,33618.404,32906.519,32254.897,31658.355,31112.279,30612.561,30155.546,29737.969,29356.914,29009.765,28694.171,28408.010,28149.361,27916.477,27707.767,27521.771,27357.146,27212.650,27087.129,26979.505,26888.765,26813.952,26754.158,26708.511,26676.177,26656.344,26648.225,26651.048,26664.053,26686.490,26717.610,26756.670,26802.924,26855.622,26914.013,26977.337,27044.829,27115.717,27189.222,27264.560,27340.941,27417.572,27493.657,27568.401,27641.012,27710.705,27776.702,27838.237,27894.564,27944.952,27988.693,28025.110,28053.551,28073.402,28084.081,28085.048,28075.805,28055.896,28024.912,27982.493,27928.326,27862.150,27783.753,27692.977,27589.713,27473.907,27345.557,27204.713,27051.475,26885.996,26708.480,26519.178,26318.392,26106.466,25883.790,25650.796,25407.954,25155.767,24894.775,24625.540,24348.653,24064.724,23774.375,23478.245,23176.976,22871.214,22561.604,22248.787,21933.395,21616.047,21297.350,20977.889,20658.234,20338.931,20020.503,19703.448,19388.241,19075.327,18765.126,18458.031,18154.409,17854.598,17558.912,17267.638,16981.038,16699.348,16422.782,16151.530,15885.762,15625.624,15371.245,15122.733,14880.177,14643.651,14413.212,14188.902,13970.748,13758.765,13552.952,13353.302,13159.792,12972.391,12791.059,12615.747,12446.397,12282.946,12125.322,11973.448,11827.243,11686.618,11551.481,11421.738,11297.290,11178.034,11063.867,10954.682,10850.373,10750.830,10655.945,10565.609,10479.714,10398.152,10320.817,10247.605,10178.415,10113.148,10051.711,9994.014,9939.973,9889.509,9842.552,9799.037,9758.913,9722.136,9688.674,9658.509,9631.640,9608.082,9587.870,9571.061,9557.739,9548.014,9542.035,9539.983,9542.087,9548.626,9559.934,9576.416,9598.554,9626.918,9662.185,9705.155,9756.769,9818.134,9890.553,9975.553,10074.925,10190.768,10325.536,10482.100,10663.810,10874.577,11118.958,11402.258,11730.634,12111.208,12552.157,13062.784,13653.539,14336.008,15122.891,16028.030,17066.553,18255.139,19612.392,21159.300,22919.758,24921.146,27194.976,29777.606,32710.962,36042.951,39826.538,44114.571,48943.296,54291.046,60000.000,60000.000,60000.000,60000.000,29944.988,0.000
0.000,2868.690,5748.654,8650.931,11585.983,14563.115,17589.444,20668.107,23795.218,26954.887,30111.593,33200.050,36116.320,38723.861,40903.284,42651.940,44030.551,45113.198,45965.179,46637.474,47167.707,47582.716,47900.977,48134.381,48289.360,48367.405,48365.055,48273.388,48077.085,47753.377,47271.903,46598.178,45706.225,44606.354,43373.772,42090.407,40817.127,39591.370,38433.048,37350.815,36346.672,35418.934,34564.015,33777.476,33054.615,32390.789,31781.583,31222.889,30710.930,30242.262,29813.755,29422.571,29066.138,28742.125,28448.415,28183.083,27944.374,27730.681,27540.532,27372.572,27225.546,27098.289,26989.715,26898.804,26824.594,26766.173,26722.671,26693.249,26677.100,26673.439,26681.495,26700.513,26729.744,26768.444,26815.869,26871.276,26933.912,27003.023,27077.844,27157.601,27241.510,27328.777,27418.598,27510.158,27602.637,27695.204,27787.028,27877.273,27965.104,28049.693,28130.217,28205.867,28275.846,28339.381,28395.719,28444.140,28483.950,28514.494,28535.154,28545.357,28544.571,28532.314,28508.152,28471.702,28422.635,28360.673,28285.596,28197.236,28095.483,27980.280,27851.629,27709.586,27554.263,27385.827,27204.498,27010.551,26804.311,26586.153,26356.499,26115.817,25864.615,25603.441,25332.876,25053.532,24766.046,24471.078,24169.303,23861.406,23548.082,23230.027,22907.933,22582.488,22254.368,21924.236,21592.736,21260.494,20928.112,20596.168,20265.214,19935.775,19608.346,19283.394,18961.356,18642.642,18327.628,18016.664,17710.072,17408.145,17111.148,16819.321,16532.880,16252.013,15976.889,15707.652,15444.425,15187.314,14936.404,14691.760,14453.434,14221.463,13995.864,13776.645,13563.801,13357.312,13157.150,12963.275,12775.640,12594.185,12418.847,12249.552,12086.223,11928.773,11777.112,11631.144,11490.771,11355.889,11226.391,11102.168,10983.107,10869.095,10760.017,10655.758,10556.199,10461.225,10370.718,10284.564,10202.648,10124.856,10051.078,9981.207,9915.138,9852.771,9794.010,9738.765,9686.950,9638.490,9593.314,9551.362,9512.584,9476.942,9444.410,9414.978,9388.654,9365.463,9345.453,9328.698,9315.299,9305.392,9299.150,9296.790,9298.580,9304.848,9315.989,9332.481,9354.897,9383.917,9420.357,9465.181,9519.541,9584.795,9662.556,9754.732,9863.575,9991.743,10142.369,10319.148,10526.430,10769.337,11053.901,11387.196,11777.470,12234.220,12768.197,13391.305,14116.456,14957.499,15929.320,17048.172,18332.158,19801.839,21480.948,23397.248,25583.664,28079.878,30934.736,34209.876,37984.782,42361.681,47461.386,53377.461,60000.000,60000.000,60000.000,60000.000,29794.759,0.000
0.000,2736.188,5480.015,8238.689,11018.455,13823.845,16656.555,19513.756,22385.627,25251.931,28077.845,30810.162,33377.174,35698.572,37711.546,39402.404,40795.324,41931.156,42852.734,43597.905,44197.327,44674.496,45046.518,45324.971,45516.567,45623.544,45643.800,45570.825,45393.629,45097.043,44663.222,44075.752,43327.903,42434.227,41436.148,40383.337,39318.954,38274.483,37270.286,36318.136,35423.837,34589.309,33814.074,33096.250,32433.196,31821.916,31259.307,30742.306,30267.978,29833.556,29436.460,29074.303,28744.885,28446.184,28176.342,27933.652,27716.542,27523.567,27353.388,27204.769,27076.555,26967.673,26877.112,26803.921,26747.198,26706.082,26679.749,26667.400,26668.262,26681.578,26706.602,26742.598,26788.831,26844.570,26909.076,26981.607,27061.411,27147.725,27239.776,27336.775,27437.919,27542.392,27649.363,27757.988,27867.412,27976.768,28085.183,28191.779,28295.677,28396.000,28491.876,28582.447,28666.867,28744.313,28813.984,28875.111,28926.956,28968.821,29000.049,29020.027,29028.191,29024.030,29007.081,28976.939,28933.257,28875.741,28804.158,28718.335,28618.155,28503.562,28374.562,28231.217,28073.650,27902.042,27716.635,27517.725,27305.664,27080.859,26843.767,26594.895,26334.794,26064.057,25783.314,25493.229,25194.492,24887.816,24573.931,24253.580,23927.511,23596.473,23261.212,22922.465,22580.958,22237.398,21892.473,21546.847,21201.161,20856.024,20512.020,20169.698,19829.579,19492.149,19157.864,18827.147,18500.387,18177.943,17860.146,17547.292,17239.652,16937.466,16640.949,16350.290,16065.654,15787.181,15514.992,15249.184,14989.837,14737.010,14490.748,14251.077,14018.010,13791.545,13571.667,13358.350,13151.554,12951.234,12757.329,12569.776,12388.498,12213.415,12044.440,11881.478,11724.430,11573.193,11427.659,11287.715,11153.247,11024.137,10900.266,10781.511,10667.749,10558.856,10454.706,10355.175,10260.138,10169.470,10083.048,10000.749,9922.454,9848.043,9777.403,9710.422,9646.991,9587.006,9530.370,9476.990,9426.779,9379.659,9335.559,9294.418,9256.188,9220.830,9188.320,9158.651,9131.833,9107.895,9086.893,9068.907,9054.052,9042.475,9034.368,9029.973,9029.589,9033.586,9042.414,9056.619,9076.863,9103.947,9138.831,9182.674,9236.865,9303.069,9383.275,9479.860,9595.659,9734.048,9899.055,10095.492,10329.121,10606.843,10936.897,11328.978,11794.232,12345.025,12994.562,13756.584,14645.417,15676.400,16866.527,18235.221,19805.188,21603.450,23662.742,26023.671,28738.366,31877.146,35541.122,39886.047,45163.143,51757.426,60000.000,60000.000,60000.000,60000.000,29234.047,0.000
0.000,2596.053,5196.540,7805.370,10425.320,13057.276,15699.198,18344.766,20981.633,23589.399,26137.729,28585.618,30883.686,32981.753,34841.975,36450.861,37817.247,38963.436,39916.773,40704.169,41349.299,41871.531,42285.751,42602.557,42828.550,42966.586,43015.980,42972.716,42829.831,42578.250,42208.545,41714.115,41095.878,40367.043,39553.867,38688.526,37801.637,36918.167,36056.401,35228.611,34442.313,33701.551,33007.956,32361.562,31761.385,31205.825,30692.943,30220.640,29786.777,29389.244,29026.009,28695.141,28394.821,28123.349,27879.139,27660.716,27466.709,27295.840,27146.922,27018.845,26910.569,26821.117,26749.567,26695.043,26656.710,26633.767,26625.440,26630.977,26649.645,26680.719,26723.482,26777.222,26841.224,26914.769,26997.128,27087.564,27185.325,27289.644,27399.738,27514.804,27634.023,27756.554,27881.540,28008.105,28135.358,28262.394,28388.295,28512.139,28632.995,28749.936,28862.039,28968.388,29068.087,29160.255,29244.041,29318.622,29383.212,29437.066,29479.482,29509.809,29527.447,29531.849,29522.528,29499.053,29461.055,29408.227,29340.322,29257.159,29158.616,29044.638,28915.233,28770.470,28610.485,28435.476,28245.701,28041.483,27823.202,27591.300,27346.271,27088.665,26819.079,26538.156,26246.580,25945.070,25634.374,25315.267,24988.537,24654.989,24315.429,23970.667,23621.506,23268.737,22913.138,22555.465,22196.453,21836.807,21477.206,21118.296,20760.689,20404.965,20051.667,19701.303,19354.345,19011.230,18672.361,18338.105,18008.798,17684.742,17366.210,17053.442,16746.652,16446.027,16151.727,15863.889,15582.626,15308.030,15040.172,14779.104,14524.863,14277.466,14036.916,13803.202,13576.299,13356.171,13142.772,12936.041,12735.914,12542.312,12355.153,12174.347,11999.795,11831.395,11669.039,11512.613,11362.001,11217.082,11077.733,10943.827,10815.237,10691.830,10573.476,10460.041,10351.392,10247.396,10147.918,10052.823,9961.981,9875.258,9792.525,9713.652,9638.514,9566.986,9498.948,9434.282,9372.875,9314.618,9259.408,9207.146,9157.740,9111.107,9067.170,9025.863,8987.129,8950.924,8917.219,8885.996,8857.260,8831.034,8807.365,8786.328,8768.032,8752.623,8740.294,8731.292,8725.933,8724.607,8727.804,8736.130,8750.328,8771.318,8800.220,8838.406,8887.546,8949.662,9027.203,9123.123,9240.994,9385.149,9560.890,9774.759,10034.849,10351.074,10735.198,11200.431,11760.576,12429.216,13219.695,14145.781,15222.600,16467.573,17901.351,19548.813,21440.353,23613.841,26118.036,29019.322,32416.592,36478.300,41547.748,48489.111,60000.000,60000.000,60000.000,60000.000,27141.431,0.000
0.000,2451.491,4904.734,7360.943,9820.199,12280.761,14738.220,17184.506,19606.770,21986.340,24298.094,26510.940,28590.244,30502.832,32223.797,33741.880,35059.439,36188.646,37146.842,37952.798,38624.280,39176.704,39622.538,39971.114,40228.669,40398.472,40481.045,40474.489,40375.025,40177.918,39878.977,39476.719,38974.945,38384.756,37724.379,37015.958,36281.670,35540.990,34809.460,34098.587,33416.323,32767.766,32155.852,31581.945,31046.313,30548.482,30087.493,29662.095,29270.869,28912.322,28584.941,28287.240,28017.779,27775.179,27558.133,27365.404,27195.827,27048.306,26921.809,26815.363,26728.050,26658.998,26607.378,26572.399,26553.300,26549.343,26559.813,26584.010,26621.243,26670.826,26732.077,26804.309,26886.830,26978.939,27079.918,27189.038,27305.549,27428.682,27557.645,27691.622,27829.776,27971.244,28115.140,28260.556,28406.561,28552.210,28696.538,28838.572,28977.329,29111.826,29241.081,29364.121,29479.988,29587.743,29686.476,29775.307,29853.398,29919.951,29974.218,30015.503,30043.168,30056.632,30055.376,30038.945,30006.948,29959.062,29895.026,29814.650,29717.810,29604.447,29474.574,29328.268,29165.676,28987.012,28792.556,28582.656,28357.725,28118.239,27864.733,27597.802,27318.096,27026.311,26723.190,26409.513,26086.094,25753.771,25413.401,25065.853,24712.001,24352.718,23988.869,23621.306,23250.862,22878.347,22504.543,22130.202,21756.042,21382.746,21010.960,20641.290,20274.305,19910.532,19550.462,19194.545,18843.195,18496.788,18155.664,17820.128,17490.455,17166.884,16849.627,16538.866,16234.757,15937.429,15646.989,15363.521,15087.087,14817.731,14555.477,14300.335,14052.297,13811.341,13577.432,13350.524,13130.558,12917.466,12711.169,12511.582,12318.611,12132.154,11952.104,11778.350,11610.772,11449.248,11293.652,11143.854,10999.721,10861.119,10727.909,10599.951,10477.106,10359.231,10246.184,10137.822,10034.001,9934.579,9839.412,9748.359,9661.279,9578.033,9498.481,9422.488,9349.920,9280.646,9214.535,9151.464,9091.309,9033.953,8979.282,8927.187,8877.564,8830.318,8785.358,8742.602,8701.976,8663.417,8626.875,8592.311,8559.703,8529.048,8500.365,8473.697,8449.123,8426.757,8406.764,8389.366,8374.857,8363.624,8356.167,8353.125,8355.313,8363.760,8379.754,8404.900,8441.175,8491.004,8557.353,8643.874,8755.138,8897.010,9077.179,9305.741,9595.485,9961.314,10418.452,10980.333,11658.657,12464.697,13410.756,14511.335,15784.023,17250.267,18936.165,20873.433,23100.723,25665.604,28627.694,32062.863,36060.473,40651.282,45288.460,45779.539,43482.664,36870.095,19331.676,0.000
0.000,2305.181,4609.972,6913.482,9213.791,11507.371,13788.443,16048.296,18274.636,20451.134,22557.409,24569.848,26463.568,28215.592,29808.565,31233.491,32490.064,33584.953,34529.246,35336.012,36018.442,36588.606,37056.736,37430.869,37716.736,37917.809,38035.490,38069.452,38018.178,37879.779,37653.131,37339.296,36942.937,36473.230,35943.572,35369.959,34768.868,34155.504,33542.777,32940.938,32357.681,31798.466,31266.936,30765.318,30294.774,29855.695,29447.918,29070.907,28723.877,28405.887,28115.909,27852.875,27615.707,27403.345,27214.754,27048.938,26904.940,26781.850,26678.796,26594.949,26529.515,26481.736,26450.884,26436.254,26437.165,26452.950,26482.958,26526.542,26583.060,26651.871,26732.328,26823.776,26925.549,27036.965,27157.324,27285.904,27421.960,27564.722,27713.391,27867.141,28025.114,28186.424,28350.158,28515.370,28681.093,28846.332,29010.077,29171.297,29328.953,29482.001,29629.393,29770.094,29903.078,30027.341,30141.910,30245.842,30338.239,30418.248,30485.069,30537.961,30576.241,30599.294,30606.567,30597.579,30571.917,30529.238,30469.271,30391.815,30296.742,30183.992,30053.580,29905.593,29740.189,29557.597,29358.122,29142.137,28910.088,28662.489,28399.920,28123.025,27832.509,27529.129,27213.690,26887.043,26550.069,26203.681,25848.808,25486.393,25117.382,24742.719,24363.337,23980.153,23594.059,23205.923,22816.580,22426.828,22037.430,21649.106,21262.534,20878.351,20497.149,20119.478,19745.844,19376.710,19012.500,18653.597,18300.345,17953.053,17611.992,17277.400,16949.486,16628.425,16314.367,16007.434,15707.723,15415.309,15130.243,14852.559,14582.272,14319.377,14063.856,13815.677,13574.792,13341.143,13114.661,12895.264,12682.865,12477.365,12278.660,12086.637,11901.180,11722.164,11549.461,11382.940,11222.463,11067.891,10919.082,10775.891,10638.171,10505.774,10378.548,10256.344,10139.009,10026.391,9918.337,9814.693,9715.309,9620.031,9528.706,9441.186,9357.319,9276.956,9199.950,9126.155,9055.426,8987.620,8922.596,8860.217,8800.345,8742.847,8687.591,8634.450,8583.300,8534.018,8486.487,8440.596,8396.236,8353.307,8311.714,8271.372,8232.205,8194.151,8157.163,8121.217,8086.315,8052.495,8019.840,7988.495,7958.687,7930.745,7905.135,7882.498,7863.690,7849.833,7842.363,7843.080,7854.203,7878.469,7919.342,7981.479,8071.584,8199.653,8380.071,8631.236,8971.898,9415.292,9970.157,10643.822,11444.601,12383.173,13473.304,14732.213,16180.735,17843.111,19745.913,21914.755,24365.777,27085.033,29980.031,32767.103,34723.029,34347.039,31281.027,24666.040,13315.178,0.000
0.000,2159.268,4316.502,6469.237,8614.131,10746.512,12859.912,14945.628,16992.381,18986.187,20910.604,22747.526,24478.644,26087.464,27561.446,28893.530,30082.456,31131.952,32049.281,32843.681,33525.002,34102.690,34585.097,34979.077,35289.807,35520.774,35673.921,35749.951,35748.793,35670.263,35514.897,35284.866,34984.803,34622.236,34207.361,33752.143,33269.109,32770.221,32266.110,31765.681,31276.037,30802.589,30349.285,29918.858,29513.081,29132.979,28779.015,28451.239,28149.407,27873.064,27621.616,27394.382,27190.627,27009.591,26850.506,26712.610,26595.156,26497.416,26418.684,26358.275,26315.525,26289.794,26280.454,26286.898,26308.525,26344.745,26394.973,26458.621,26535.101,26623.820,26724.170,26835.532,26957.268,27088.721,27229.207,27378.017,27534.414,27697.627,27866.852,28041.250,28219.948,28402.035,28586.567,28772.562,28959.010,29144.869,29329.072,29510.532,29688.146,29860.800,30027.380,30186.775,30337.890,30479.647,30611.001,30730.942,30838.506,30932.779,31012.906,31078.093,31127.615,31160.813,31177.106,31175.981,31157.003,31119.812,31064.122,30989.724,30896.483,30784.340,30653.313,30503.494,30335.055,30148.243,29943.382,29720.876,29481.204,29224.920,28952.652,28665.100,28363.025,28047.251,27718.656,27378.163,27026.733,26665.357,26295.047,25916.826,25531.721,25140.753,24744.928,24345.234,23942.630,23538.044,23132.367,22726.448,22321.094,21917.065,21515.074,21115.786,20719.820,20327.744,19940.081,19557.306,19179.851,18808.104,18442.414,18083.087,17730.394,17384.569,17045.814,16714.297,16390.160,16073.515,15764.448,15463.024,15169.282,14883.244,14604.911,14334.268,14071.284,13815.912,13568.093,13327.755,13094.818,12869.187,12650.763,12439.434,12235.085,12037.593,11846.827,11662.654,11484.935,11313.527,11148.282,10989.052,10835.684,10688.022,10545.912,10409.194,10277.709,10151.295,10029.793,9913.038,9800.870,9693.124,9589.639,9490.251,9394.797,9303.116,9215.044,9130.420,9049.083,8970.872,8895.626,8823.185,8753.390,8686.080,8621.098,8558.284,8497.478,8438.522,8381.255,8325.517,8271.148,8217.983,8165.859,8114.610,8064.068,8014.063,7964.423,7914.976,7865.548,7815.967,7766.065,7715.685,7664.684,7612.948,7560.403,7507.039,7452.936,7398.302,7343.514,7289.163,7236.094,7185.425,7138.533,7097.026,7062.802,7038.450,7028.450,7041.593,7094.251,7211.960,7422.882,7739.017,8163.073,8696.027,9340.823,10103.607,10993.942,12024.668,13211.554,14572.456,16125.142,17881.788,19835.678,21931.500,24007.545,25714.087,26489.528,25604.569,22628.370,17197.864,9262.998,0.000
0.000,2015.394,4027.542,6032.847,8027.002,10004.657,11959.092,13881.955,15763.108,17590.672,19351.340,21031.059,22616.074,24094.237,25456.297,26696.808,27814.370,28811.217,29692.358,30464.552,31135.336,31712.213,32202.061,32610.734,32942.864,33201.807,33389.749,33507.949,33557.128,33537.975,33451.760,33300.948,33089.707,32824.140,32512.137,32162.852,31785.971,31390.991,30986.655,30580.603,30179.224,29787.662,29409.912,29048.972,28706.999,28385.473,28085.333,27807.100,27550.979,27316.934,27104.757,26914.115,26744.588,26595.700,26466.934,26357.758,26267.626,26195.993,26142.313,26106.051,26086.673,26083.657,26096.484,26124.639,26167.613,26224.891,26295.960,26380.297,26477.370,26586.634,26707.528,26839.471,26981.857,27134.055,27295.404,27465.208,27642.739,27827.229,28017.869,28213.811,28414.163,28617.989,28824.315,29032.121,29240.350,29447.909,29653.672,29856.488,30055.183,30248.570,30435.457,30614.654,30784.984,30945.290,31094.448,31231.370,31355.022,31464.423,31558.655,31636.872,31698.298,31742.235,31768.064,31775.246,31763.320,31731.910,31680.715,31609.516,31518.175,31406.630,31274.902,31123.091,30951.378,30760.028,30549.389,30319.891,30072.050,29806.463,29523.810,29224.845,28910.398,28581.363,28238.697,27883.406,27516.538,27139.172,26752.411,26357.367,25955.155,25546.881,25133.635,24716.478,24296.442,23874.522,23451.666,23028.779,22606.713,22186.269,21768.197,21353.191,20941.893,20534.890,20132.722,19735.873,19344.783,18959.845,18581.405,18209.770,17845.206,17487.940,17138.168,16796.048,16461.711,16135.258,15816.763,15506.277,15203.827,14909.421,14623.046,14344.673,14074.256,13811.735,13557.036,13310.076,13070.758,12838.976,12614.616,12397.556,12187.666,11984.810,11788.848,11599.634,11417.017,11240.843,11070.955,10907.192,10749.392,10597.389,10451.018,10310.109,10174.494,10044.002,9918.462,9797.701,9681.548,9569.829,9462.371,9359.001,9259.544,9163.827,9071.674,8982.913,8897.367,8814.860,8735.217,8658.259,8583.810,8511.687,8441.710,8373.695,8307.454,8242.797,8179.529,8117.451,8056.358,7996.036,7936.265,7876.814,7817.443,7757.897,7697.907,7637.189,7575.440,7512.338,7447.542,7380.690,7311.404,7239.293,7163.966,7085.043,7002.183,6915.119,6823.702,6727.955,6628.114,6524.627,6418.055,6308.824,6196.862,6081.492,5962.547,5844.348,5743.666,5699.723,5768.872,5955.016,6247.262,6636.542,7119.193,7696.613,8374.296,9161.057,10068.442,11110.088,12300.473,13651.628,15163.690,16797.776,18404.587,19592.192,19916.440,18953.347,16430.027,12234.052,6538.949,0.000
0.000,1874.771,3745.438,5607.619,7456.391,9286.046,11089.873,12860.022,14587.461,16262.094,17873.073,19409.348,20860.415,22217.179,23472.772,24623.117,25667.090,26606.291,27444.497,28186.965,28839.723,29408.931,29900.381,30319.140,30669.338,30954.099,31175.606,31335.292,31434.152,31473.147,31453.661,31377.949,31249.475,31073.071,30854.842,30601.860,30321.696,30021.943,29709.804,29391.799,29073.605,28759.995,28454.867,28161.316,27881.731,27617.903,27371.125,27142.292,26931.974,26740.494,26567.977,26414.402,26279.635,26163.460,26065.601,25985.739,25923.525,25878.589,25850.547,25839.007,25843.569,25863.829,25899.376,25949.796,26014.666,26093.555,26186.023,26291.614,26409.856,26540.260,26682.309,26835.467,26999.162,27172.793,27355.724,27547.276,27746.731,27953.327,28166.251,28384.647,28607.605,28834.165,29063.319,29294.007,29525.124,29755.522,29984.009,30209.364,30430.338,30645.660,30854.054,31054.240,31244.949,31424.938,31592.991,31747.939,31888.666,32014.118,32123.311,32215.339,32289.374,32344.676,32380.588,32396.542,32392.055,32366.731,32320.257,32252.406,32163.032,32052.073,31919.552,31765.575,31590.334,31394.109,31177.269,30940.275,30683.677,30408.119,30114.333,29803.138,29475.433,29132.193,28774.461,28403.333,28019.957,27625.509,27221.193,26808.221,26387.806,25961.148,25529.423,25093.781,24655.328,24215.130,23774.199,23333.496,22893.921,22456.320,22021.475,21590.112,21162.894,20740.431,20323.270,19911.910,19506.792,19108.311,18716.814,18332.602,17955.934,17587.031,17226.075,16873.216,16528.571,16192.227,15864.245,15544.659,15233.484,14930.710,14636.310,14350.238,14072.435,13802.823,13541.315,13287.811,13042.201,12804.364,12574.172,12351.489,12136.173,11928.074,11727.039,11532.911,11345.527,11164.721,10990.324,10822.165,10660.070,10503.866,10353.373,10208.414,10068.810,9934.380,9804.943,9680.316,9560.318,9444.766,9333.475,9226.261,9122.939,9023.324,8927.229,8834.466,8744.848,8658.183,8574.280,8492.944,8413.978,8337.183,8262.353,8189.280,8117.751,8047.542,7978.428,7910.169,7842.517,7775.211,7707.975,7640.516,7572.520,7503.651,7433.545,7361.807,7288.006,7211.672,7132.288,7049.288,6962.052,6869.904,6772.118,6667.920,6556.513,6437.110,6308.983,6171.546,6024.426,5867.502,5700.770,5523.832,5334.758,5128.481,4896.222,4629.863,4336.572,4074.588,3998.033,4065.055,4234.542,4483.797,4802.894,5189.441,5645.650,6176.891,6791.129,7499.031,8315.077,9260.599,10369.706,11691.354,13220.856,14333.669,14630.704,13862.361,11904.344,8769.370,4658.748,0.000
0.000,1738.260,3471.830,5195.814,6904.918,8593.284,10254.359,11880.831,13464.659,14997.211,16469.558,17872.901,19199.118,20441.358,21594.573,22655.882,23624.678,24502.468,25292.493,25999.223,26627.809,27183.573,27671.581,28096.318,28461.484,28769.908,29023.577,29223.788,29371.406,29467.202,29512.235,29508.203,29457.714,29364.414,29232.946,29068.751,28877.767,28666.096,28439.692,28204.120,27964.397,27724.902,27489.362,27260.872,27041.944,26834.577,26640.328,26460.379,26295.602,26146.616,26013.836,25897.514,25797.776,25714.643,25648.059,25597.910,25564.030,25546.222,25544.256,25557.883,25586.832,25630.819,25689.541,25762.685,25849.920,25950.898,26065.255,26192.604,26332.539,26484.625,26648.399,26823.368,27009.000,27204.728,27409.941,27623.982,27846.146,28075.677,28311.765,28553.541,28800.080,29050.399,29303.454,29558.145,29813.313,30067.748,30320.194,30569.349,30813.879,31052.424,31283.611,31506.061,31718.404,31919.294,32107.420,32281.516,32440.379,32582.872,32707.939,32814.609,32902.002,32969.330,33015.901,33041.117,33044.471,33025.552,32984.035,32919.683,32832.346,32721.961,32588.550,32432.223,32253.183,32051.722,31828.231,31583.198,31317.212,31030.961,30725.235,30400.920,30058.994,29700.519,29326.632,28938.535,28537.481,28124.761,27701.688,27269.587,26829.779,26383.567,25932.227,25476.999,25019.074,24559.593,24099.635,23640.219,23182.298,22726.760,22274.423,21826.042,21382.302,20943.829,20511.183,20084.867,19665.328,19252.958,18848.100,18451.049,18062.054,17681.325,17309.032,16945.311,16590.263,16243.960,15906.446,15577.741,15257.838,14946.713,14644.321,14350.600,14065.471,13788.842,13520.610,13260.657,13008.858,12765.076,12529.170,12300.988,12080.373,11867.164,11661.194,11462.292,11270.282,11084.988,10906.229,10733.822,10567.583,10407.325,10252.861,10104.003,9960.561,9822.344,9689.161,9560.820,9437.128,9317.892,9202.918,9092.011,8984.974,8881.612,8781.725,8685.113,8591.575,8500.905,8412.897,8327.339,8244.017,8162.710,8083.194,8005.235,7928.593,7853.019,7778.250,7704.012,7630.017,7555.956,7481.500,7406.297,7329.963,7252.085,7172.206,7089.827,7004.394,6915.290,6821.831,6723.248,6618.681,6507.169,6387.639,6258.906,6119.683,5968.606,5804.298,5625.483,5431.147,5220.730,4994.178,4751.404,4490.232,4201.773,3864.266,3442.527,2898.340,2264.152,2083.718,2072.718,2142.128,2261.277,2419.203,2612.661,2842.017,3109.771,3420.187,3779.861,4200.234,4706.006,5363.200,6377.093,8453.826,9890.934,10410.354,9961.055,8555.623,6280.339,3326.675,0.000
0.000,1606.446,3207.819,4798.903,6374.202,7927.837,9453.475,10944.318,12393.168,13792.575,15135.094,16413.634,17621.861,18754.631,19808.356,20781.246,21673.369,22486.517,23223.905,23889.760,24488.869,25026.144,25506.243,25933.279,26310.612,26640.739,26925.304,27165.207,27360.845,27512.425,27620.320,27685.405,27709.303,27694.515,27644.417,27563.122,27455.273,27325.786,27179.609,27021.513,26855.937,26686.891,26517.904,26352.018,26191.806,26039.403,25896.558,25764.677,25644.876,25538.023,25444.781,25365.642,25300.961,25250.975,25215.832,25195.607,25190.308,25199.901,25224.306,25263.411,25317.075,25385.129,25467.382,25563.618,25673.600,25797.067,25933.731,26083.280,26245.372,26419.632,26605.654,26802.990,27011.154,27229.613,27457.788,27695.044,27940.695,28193.992,28454.126,28720.224,28991.346,29266.481,29544.552,29824.414,30104.854,30384.597,30662.310,30936.608,31206.063,31469.214,31724.579,31970.668,32205.998,32429.108,32638.576,32833.031,33011.169,33171.765,33313.682,33435.881,33537.424,33617.477,33675.311,33710.298,33721.915,33709.732,33673.415,33612.720,33527.492,33417.665,33283.261,33124.394,32941.269,32734.193,32503.573,32249.924,31973.870,31676.149,31357.608,31019.207,30662.009,30287.173,29895.943,29489.635,29069.626,28637.330,28194.188,27741.650,27281.155,26814.123,26341.940,25865.944,25387.417,24907.579,24427.584,23948.510,23471.364,22997.076,22526.500,22060.417,21599.536,21144.494,20695.862,20254.146,19819.794,19393.193,18974.678,18564.536,18163.002,17770.273,17386.504,17011.814,16646.285,16289.972,15942.900,15605.070,15276.456,14957.015,14646.682,14345.376,14053.002,13769.447,13494.592,13228.301,12970.431,12720.832,12479.343,12245.800,12020.030,11801.857,11591.101,11387.577,11191.097,11001.472,10818.509,10642.013,10471.789,10307.640,10149.367,9996.771,9849.652,9707.810,9571.042,9439.147,9311.923,9189.165,9070.670,8956.231,8845.642,8738.696,8635.180,8534.884,8437.593,8343.087,8251.145,8161.541,8074.041,7988.408,7904.396,7821.749,7740.202,7659.478,7579.284,7499.313,7419.235,7338.700,7257.330,7174.716,7090.412,7003.929,6914.728,6822.210,6725.706,6624.467,6517.646,6404.285,6283.294,6153.432,6013.285,5861.247,5695.511,5514.076,5314.805,5095.564,4854.508,4590.590,4304.247,3997.755,3673.315,3324.381,2916.758,2377.801,1550.211,0.000,0.000,0.000,0.000,0.000,0.000,0.000,0.000,0.000,0.000,0.000,0.000,0.000,0.000,0.000,4326.429,6365.896,7158.732,7015.886,6076.758,4469.689,2367.614,0.000
0.000,1479.709,2954.109,4417.792,5865.169,7290.409,8687.412,10049.832,11371.157,12644.868,13864.660,15024.733,16120.121,17147.017,18103.051,18987.464,19801.132,20546.434,21226.970,21847.178,22411.915,22926.058,23394.157,23820.157,24207.182,24557.399,24871.986,25151.220,25394.709,25601.736,25771.662,25904.283,26000.110,26060.510,26087.716,26084.733,26055.154,26002.958,25932.293,25847.290,25751.909,25649.836,25544.417,25438.622,25335.045,25235.915,25143.121,25058.248,24982.608,24917.278,24863.134,24820.876,24791.061,24774.125,24770.399,24780.131,24803.497,24840.613,24891.545,24956.312,25034.898,25127.251,25233.287,25352.890,25485.917,25632.191,25791.509,25963.630,26148.282,26345.154,26553.896,26774.114,27005.365,27247.159,27498.949,27760.130,28030.032,28307.923,28592.995,28884.372,29181.099,29482.141,29786.386,30092.642,30399.640,30706.033,31010.407,31311.284,31607.132,31896.377,32177.416,32448.632,32708.414,32955.173,33187.358,33403.480,33602.124,33781.963,33941.775,34080.445,34196.977,34290.488,34360.215,34405.507,34425.819,34420.713,34389.847,34332.971,34249.927,34140.644,34005.144,33843.537,33656.033,33442.944,33204.691,32941.812,32654.965,32344.936,32012.635,31659.098,31285.481,30893.051,30483.174,30057.295,29616.927,29163.628,28698.981,28224.575,27741.986,27252.763,26758.410,26260.373,25760.033,25258.698,24757.594,24257.865,23760.572,23266.685,22777.096,22292.610,21813.953,21341.776,20876.654,20419.096,19969.543,19528.376,19095.920,18672.446,18258.177,17853.291,17457.924,17072.174,16696.106,16329.752,15973.115,15626.175,15288.886,14961.182,14642.979,14334.174,14034.651,13744.281,13462.921,13190.420,12926.617,12671.342,12424.419,12185.667,11954.899,11731.924,11516.545,11308.565,11107.784,10913.997,10727.000,10546.587,10372.550,10204.681,10042.770,9886.609,9735.986,9590.690,9450.511,9315.235,9184.650,9058.543,8936.698,8818.901,8704.934,8594.578,8487.611,8383.809,8282.946,8184.788,8089.101,7995.642,7904.164,7814.410,7726.115,7639.003,7552.785,7467.159,7381.805,7296.382,7210.528,7123.851,7035.928,6946.301,6854.466,6759.868,6661.893,6559.852,6452.976,6340.394,6221.116,6094.012,5957.782,5810.927,5651.711,5478.116,5287.806,5078.089,4845.927,4588.040,4301.249,3983.328,3634.853,3262.380,2881.159,2505.892,2100.747,1601.814,924.733,0.000,0.000,0.000,0.000,0.000,0.000,0.000,0.000,0.000,0.000,0.000,0.000,0.000,0.000,0.000,2485.998,4087.495,4842.794,4867.004,4265.838,3154.046,1674.093,0.000
0.000,1358.288,2711.126,4053.000,5378.290,6681.241,7955.961,9196.471,10396.797,11551.121,12653.991,13700.572,14686.934,15610.332,16469.443,17264.510,17997.355,18671.224,19290.483,19860.200,20385.705,20872.183,21324.359,21746.221,22140.793,22509.951,22854.315,23173.305,23465.394,23728.549,23960.747,24160.436,24326.871,24460.272,24561.830,24633.611,24678.377,24699.377,24700.148,24684.330,24655.513,24617.125,24572.357,24524.114,24474.998,24427.304,24383.032,24343.906,24311.403,24286.775,24271.076,24265.192,24269.859,24285.687,24313.177,24352.737,24404.695,24469.313,24546.792,24637.279,24740.880,24857.654,24987.623,25130.774,25287.053,25456.375,25638.616,25833.613,26041.164,26261.026,26492.908,26736.472,26991.327,27257.024,27533.056,27818.848,28113.755,28417.060,28727.965,29045.590,29368.968,29697.042,30028.664,30362.595,30697.504,31031.970,31364.491,31693.486,32017.307,32334.253,32642.586,32940.547,33226.375,33498.334,33754.731,33993.938,34214.415,34414.725,34593.548,34749.692,34882.097,34989.836,35072.113,35128.256,35157.710,35160.030,35134.869,35081.978,35001.195,34892.445,34755.744,34591.199,34399.013,34179.500,33933.088,33660.332,33361.920,33038.684,32691.598,32321.782,31930.494,31519.121,31089.162,30642.213,30179.944,29704.072,29216.344,28718.507,28212.291,27699.385,27181.426,26659.980,26136.532,25612.482,25089.137,24567.704,24049.297,23534.932,23025.530,22521.921,22024.845,21534.961,21052.846,20579.006,20113.873,19657.817,19211.149,18774.121,18346.938,17929.756,17522.689,17125.812,16739.167,16362.762,15996.575,15640.564,15294.657,14958.766,14632.784,14316.585,14010.033,13712.975,13425.250,13146.685,12877.101,12616.310,12364.119,12120.328,11884.735,11657.132,11437.309,11225.054,11020.151,10822.385,10631.537,10447.390,10269.724,10098.319,9932.954,9773.411,9619.466,9470.900,9327.491,9189.016,9055.253,8925.979,8800.970,8679.999,8562.838,8449.259,8339.030,8231.914,8127.672,8026.062,7926.833,7829.729,7734.489,7640.838,7548.496,7457.165,7366.538,7276.287,7186.068,7095.513,7004.226,6911.782,6817.720,6721.536,6622.676,6520.529,6414.415,6303.572,6187.142,6064.153,5933.495,5793.891,5643.865,5481.698,5305.370,5112.496,4900.241,4665.217,4403.379,4109.962,3779.591,3407.024,2989.790,2536.022,2083.257,1717.443,1378.638,1004.045,546.927,0.000,0.000,0.000,0.000,0.000,0.000,0.000,0.000,0.000,0.000,0.000,0.000,0.000,0.000,0.000,1530.071,2655.293,3257.949,3343.503,2965.544,2206.565,1174.712,0.000
0.000,1242.324,2479.115,3704.805,4913.770,6100.325,7258.746,8383.325,9468.474,10508.870,11499.657,12436.681,13316.769,14137.999,14899.950,15603.860,16252.645,16850.726,17403.652,17917.565,18398.664,18852.774,19285.058,19699.779,20100.050,20487.553,20862.303,21222.608,21565.367,21886.712,22182.770,22450.317,22687.186,22892.439,23066.333,23210.168,23326.076,23416.786,23485.407,23535.237,23569.608,23591.768,23604.798,23611.560,23614.664,23616.459,23619.035,23624.234,23633.666,23648.733,23670.646,23700.448,23739.034,23787.172,23845.515,23914.618,23994.952,24086.912,24190.828,24306.973,24435.565,24576.775,24730.730,24897.512,25077.165,25269.690,25475.046,25693.150,25923.873,26167.040,26422.426,26689.751,26968.678,27258.809,27559.676,27870.741,28191.389,28520.922,28858.554,29203.406,29554.503,29910.768,30271.017,30633.963,30998.210,31362.261,31724.514,32083.278,32436.777,32783.169,33120.559,33447.025,33760.640,34059.495,34341.732,34605.568,34849.318,35071.420,35270.450,35445.129,35594.338,35717.104,35812.606,35880.160,35919.207,35929.302,35910.106,35861.368,35782.927,35674.704,35536.705,35369.024,35171.855,34945.501,34690.386,34407.076,34096.282,33758.877,33395.901,33008.562,32598.231,32166.427,31714.807,31245.134,30759.259,30259.085,29746.543,29223.561,28692.040,28153.831,27610.713,27064.384,26516.442,25968.385,25421.599,24877.360,24336.834,23801.078,23271.042,22747.575,22231.429,21723.265,21223.659,20733.106,20252.027,19780.776,19319.642,18868.858,18428.602,17999.009,17580.164,17172.117,16774.882,16388.440,16012.744,15647.722,15293.280,14949.301,14615.654,14292.190,13978.747,13675.151,13381.219,13096.757,12821.566,12555.437,12298.159,12049.516,11809.286,11577.247,11353.173,11136.836,10928.008,10726.457,10531.955,10344.269,10163.169,9988.423,9819.800,9657.068,9499.996,9348.352,9201.906,9060.426,8923.679,8791.431,8663.450,8539.499,8419.342,8302.739,8189.447,8079.220,7971.809,7866.957,7764.404,7663.881,7565.112,7467.808,7371.672,7276.391,7181.637,7087.065,6992.306,6896.968,6800.629,6702.835,6603.091,6500.855,6395.534,6286.468,6172.927,6054.088,5929.025,5796.687,5655.869,5505.186,5343.029,5167.509,4976.396,4767.019,4536.145,4279.793,3992.980,3669.338,3300.559,2875.742,2381.541,1808.867,1198.542,902.085,692.386,488.841,258.942,0.000,0.000,0.000,0.000,0.000,0.000,0.000,0.000,0.000,0.000,0.000,0.000,0.000,0.000,0.000,978.996,1745.660,2190.210,2283.515,2046.274,1531.958,818.191,0.000
0.000,1131.899,2258.215,3373.348,4471.676,5547.565,6595.397,7609.639,8584.937,9516.268,10399.129,11229.777,12005.517,12725.009,13388.570,13998.414,14558.726,15075.483,15555.943,16007.868,16438.750,16855.347,17263.494,17667.982,18072.293,18478.155,18885.015,19289.767,19687.098,20070.542,20433.727,20771.337,21079.624,21356.518,21601.492,21815.298,21999.669,22157.031,22290.255,22402.452,22496.814,22576.492,22644.512,22703.720,22756.746,22805.992,22853.625,22901.587,22951.604,23005.204,23063.733,23128.372,23200.158,23279.998,23368.682,23466.901,23575.257,23694.270,23824.393,23966.014,24119.463,24285.019,24462.909,24653.315,24856.373,25072.172,25300.756,25542.121,25796.217,26062.941,26342.134,26633.580,26937.000,27252.050,27578.308,27915.280,28262.381,28618.942,28984.192,29357.260,29737.165,30122.811,30512.984,30906.346,31301.439,31696.678,32090.361,32480.673,32865.697,33243.429,33611.801,33968.703,34312.012,34639.623,34949.485,35239.634,35508.221,35753.542,35974.055,36168.395,36335.378,36473.998,36583.413,36662.940,36712.028,36730.246,36717.268,36672.853,36596.840,36489.146,36349.763,36178.763,35976.319,35742.708,35478.341,35183.777,34859.740,34507.140,34127.081,33720.864,33289.983,32836.111,32361.081,31866.851,31355.482,30829.092,30289.823,29739.811,29181.151,28615.872,28045.915,27473.117,26899.199,26325.759,25754.269,25186.070,24622.380,24064.293,23512.783,22968.714,22432.845,21905.833,21388.245,20880.562,20383.189,19896.454,19420.625,18955.905,18502.447,18060.352,17629.678,17210.445,16802.635,16406.199,16021.060,15647.117,15284.246,14932.304,14591.132,14260.554,13940.384,13630.423,13330.464,13040.292,12759.685,12488.416,12226.253,11972.960,11728.300,11492.033,11263.915,11043.706,10831.161,10626.035,10428.087,10237.071,10052.744,9874.864,9703.187,9537.472,9377.477,9222.960,9073.681,8929.398,8789.869,8654.851,8524.103,8397.378,8274.431,8155.011,8038.868,7925.747,7815.385,7707.518,7601.872,7498.169,7396.118,7295.420,7195.763,7096.818,6998.243,6899.675,6800.725,6700.982,6600.003,6497.307,6392.374,6284.634,6173.461,6058.162,5937.965,5812.005,5679.310,5538.772,5389.128,5228.922,5056.461,4869.763,4666.475,4443.769,4198.191,3925.430,3619.945,3274.315,2877.952,2414.153,1851.989,1119.494,0.000,0.000,0.000,0.000,0.000,0.000,0.000,0.000,0.000,0.000,0.000,0.000,0.000,0.000,0.000,0.000,0.000,0.000,0.000,0.000,640.254,1158.142,1473.717,1554.075,1404.079,1056.803,566.095,0.000
0.000,1027.063,2048.507,3058.708,4052.039,5022.881,5965.663,6874.924,7745.401,8572.175,9350.856,10077.828,10750.566,11368.007,11930.974,12442.574,12908.444,13336.628,13736.871,14119.328,14493.251,14866.515,15245.755,15636.547,16043.196,16467.995,16910.100,17364.643,17823.047,18275.001,18710.666,19122.131,19503.947,19853.053,20168.402,20450.495,20700.950,20922.141,21116.905,21288.329,21439.582,21573.802,21694.017,21803.091,21903.688,21998.267,22089.066,22178.114,22267.236,22358.071,22452.080,22550.567,22654.691,22765.485,22883.864,23010.640,23146.536,23292.191,23448.171,23614.974,23793.039,23982.747,24184.425,24398.352,24624.755,24863.813,25115.656,25380.362,25657.960,25948.421,26251.660,26567.527,26895.806,27236.212,27588.377,27951.851,28326.093,28710.464,29104.216,29506.492,29916.309,30332.559,30753.998,31179.244,31606.769,32034.904,32461.835,32885.614,33304.166,33715.309,34116.774,34506.235,34881.341,35239.759,35579.211,35897.521,36192.649,36462.730,36706.092,36921.278,37107.045,37262.358,37386.376,37478.427,37537.991,37564.666,37558.151,37518.224,37444.732,37337.584,37196.750,37022.273,36814.284,36573.020,36298.854,35992.323,35654.148,35285.265,34886.837,34460.264,34007.177,33529.422,33029.037,32508.211,31969.246,31414.513,30846.400,30267.281,29679.470,29085.197,28486.579,27885.606,27284.129,26683.850,26086.326,25492.964,24905.028,24323.644,23749.807,23184.389,22628.145,22081.726,21545.681,21020.473,20506.477,20003.998,19513.270,19034.465,18567.702,18113.049,17670.527,17240.123,16821.783,16415.425,16020.941,15638.194,15267.031,14907.279,14558.747,14221.233,13894.523,13578.394,13272.611,12976.938,12691.130,12414.938,12148.109,11890.389,11641.522,11401.249,11169.313,10945.455,10729.417,10520.940,10319.767,10125.641,9938.308,9757.511,9582.998,9414.517,9251.813,9094.638,8942.739,8795.865,8653.768,8516.193,8382.891,8253.607,8128.086,8006.070,7887.299,7771.507,7658.426,7547.779,7439.285,7332.653,7227.583,7123.764,7020.873,6918.569,6816.495,6714.274,6611.504,6507.757,6402.571,6295.450,6185.852,6073.188,5956.809,5835.998,5709.960,5577.805,5438.531,5291.005,5133.937,4965.843,4785.008,4589.427,4376.731,4144.089,3888.057,3604.362,3287.556,2930.452,2523.133,2051.201,1492.943,817.176,0.000,0.000,0.000,0.000,0.000,0.000,0.000,0.000,0.000,0.000,0.000,0.000,0.000,0.000,0.000,0.000,0.000,0.000,0.000,0.000,423.878,772.937,992.441,1054.992,959.163,725.081,389.386,0.000
0.000,927.849,1850.050,2760.952,3654.904,4526.274,5369.475,6179.018,6949.598,7676.210,8354.330,8980.159,9550.961,10065.535,10524.806,10932.531,11295.922,11625.800,11935.681,12239.427,12548.529,12871.841,13216.617,13589.425,13996.143,14440.751,14922.997,15435.938,15965.764,16496.100,17012.200,17503.008,17961.456,18383.869,18769.135,19117.941,19432.155,19714.385,19967.654,20195.183,20400.237,20586.022,20755.619,20911.939,21057.702,21195.422,21327.407,21455.762,21582.401,21709.054,21837.285,21968.504,22103.980,22244.855,22392.156,22546.809,22709.646,22881.416,23062.791,23254.375,23456.709,23670.275,23895.496,24132.747,24382.346,24644.562,24919.611,25207.657,25508.809,25823.117,26150.571,26491.094,26844.539,27210.684,27589.221,27979.755,28381.790,28794.728,29217.853,29650.326,30091.172,30539.276,30993.370,31452.030,31913.663,32376.508,32838.638,33297.958,33752.221,34199.043,34635.926,35060.293,35469.530,35861.029,36232.247,36580.754,36904.289,37200.798,37468.467,37705.742,37911.328,38084.177,38223.468,38328.571,38399.015,38434.451,38434.625,38399.347,38328.475,38221.910,38079.592,37901.518,37687.756,37438.477,37153.992,36834.784,36481.551,36095.237,35677.057,35228.514,34751.391,34247.736,33719.824,33170.118,32601.208,32015.759,31416.450,30805.926,30186.755,29561.387,28932.136,28301.155,27670.431,27041.774,26416.822,25797.046,25183.751,24578.088,23981.064,23393.550,22816.292,22249.923,21694.969,21151.862,20620.948,20102.494,19596.698,19103.694,18623.559,18156.323,17701.970,17260.444,16831.655,16415.483,16011.782,15620.382,15241.095,14873.713,14518.016,14173.772,13840.737,13518.660,13207.282,12906.340,12615.566,12334.688,12063.433,11801.527,11548.693,11304.657,11069.143,10841.876,10622.583,10410.991,10206.828,10009.827,9819.718,9636.236,9459.116,9288.094,9122.908,8963.297,8809.002,8659.762,8515.317,8375.409,8239.776,8108.157,7980.288,7855.904,7734.735,7616.510,7500.949,7387.770,7276.681,7167.383,7059.568,6952.915,6847.090,6741.744,6636.508,6530.995,6424.791,6317.457,6208.520,6097.469,5983.752,5866.766,5745.850,5620.276,5489.238,5351.837,5207.067,5053.793,4890.730,4716.411,4529.149,4326.994,4107.665,3868.470,3606.193,3316.944,2995.937,2637.206,2233.249,1774.812,1251.556,656.315,0.000,0.000,0.000,0.000,0.000,0.000,0.000,0.000,0.000,0.000,0.000,0.000,0.000,0.000,0.000,0.000,0.000,0.000,0.000,0.000,282.321,517.287,668.120,714.289,652.500,494.974,266.368,0.000
0.000,834.289,1662.901,2480.156,3280.367,4057.856,4806.966,5522.102,6197.790,6828.768,7410.133,7937.556,8407.632,8818.414,9170.238,9466.885,9716.981,9935.043,10140.711,10354.263,10589.705,10855.822,11159.583,11508.548,11911.379,12376.069,12905.430,13490.612,14108.269,14731.772,15339.398,15916.663,16455.460,16952.333,17406.878,17820.572,18195.986,18536.277,18844.878,19125.296,19380.992,19615.309,19831.424,20032.321,20220.782,20399.384,20570.495,20736.291,20898.760,21059.714,21220.803,21383.529,21549.256,21719.226,21894.566,22076.303,22265.371,22462.619,22668.822,22884.682,23110.839,23347.869,23596.293,23856.577,24129.132,24414.317,24712.435,25023.737,25348.415,25686.603,26038.369,26403.714,26782.566,27174.771,27580.092,27998.192,28428.633,28870.865,29324.210,29787.860,30260.857,30742.088,31230.269,31723.937,32221.438,32720.924,33220.344,33717.452,34209.810,34694.805,35169.681,35631.567,36077.537,36504.658,36910.066,37291.031,37645.022,37969.770,38263.299,38523.956,38750.407,38941.616,39096.810,39215.437,39297.111,39341.569,39348.628,39318.145,39250.001,39144.084,39000.297,38818.566,38598.871,38341.282,38046.006,37713.439,37344.219,36939.274,36499.860,36027.582,35524.395,34992.580,34434.701,33853.543,33252.046,32633.222,32000.092,31355.618,30702.652,30043.896,29381.877,28718.922,28057.156,27398.498,26744.667,26097.186,25457.394,24826.459,24205.388,23595.042,22996.149,22409.312,21835.025,21273.682,20725.589,20190.968,19669.973,19162.694,18669.162,18189.361,17723.231,17270.673,16831.553,16405.710,15992.959,15593.090,15205.878,14831.082,14468.447,14117.707,13778.589,13450.813,13134.092,12828.137,12532.655,12247.352,11971.932,11706.099,11449.559,11202.018,10963.183,10732.762,10510.467,10296.010,10089.107,9889.477,9696.837,9510.911,9331.422,9158.097,8990.664,8828.853,8672.394,8521.019,8374.459,8232.448,8094.716,7960.995,7831.013,7704.498,7581.173,7460.757,7342.967,7227.511,7114.091,7002.401,6892.124,6782.933,6674.485,6566.425,6458.376,6349.943,6240.705,6130.214,6017.991,5903.520,5786.242,5665.549,5540.778,5411.200,5276.012,5134.323,4985.140,4827.351,4659.707,4480.793,4289.003,4082.498,3859.167,3616.572,3351.882,3061.798,2742.490,2389.557,1998.146,1563.462,1082.287,556.571,0.000,0.000,0.000,0.000,0.000,0.000,0.000,0.000,0.000,0.000,0.000,0.000,0.000,0.000,0.000,0.000,0.000,0.000,0.000,0.000,188.119,345.772,448.465,481.543,441.575,335.946,181.112,0.000
0.000,746.409,1487.118,2216.413,2928.567,3617.833,4278.451,4904.658,5490.718,6030.970,6519.909,6952.337,7323.636,7630.297,7870.898,8047.844,8170.133,8256.744,8337.929,8447.290,8600.298,8802.263,9057.464,9373.940,9764.911,10246.899,10832.250,11513.051,12245.207,12983.636,13697.316,14369.181,14991.829,15563.609,16086.000,16562.058,16995.558,17390.527,17750.998,18080.889,18383.933,18663.654,18923.347,19166.086,19394.718,19611.875,19819.985,20021.281,20217.812,20411.459,20603.948,20796.859,20991.638,21189.616,21392.008,21599.934,21814.420,22036.410,22266.772,22506.304,22755.737,23015.743,23286.935,23569.870,23865.051,24172.925,24493.888,24828.276,25176.370,25538.388,25914.485,26304.742,26709.169,27127.691,27560.142,28006.259,28465.668,28937.877,29422.262,29918.052,30424.319,30939.964,31463.697,31994.027,32529.246,33067.421,33606.378,34143.709,34676.769,35202.693,35718.423,36220.753,36706.379,37171.982,37614.307,38030.253,38416.969,38771.924,39092.963,39378.336,39626.686,39837.025,40008.676,40141.212,40234.382,40288.051,40302.140,40276.578,40211.278,40106.118,39960.944,39775.587,39549.902,39283.808,38977.360,38630.811,38244.692,37819.878,37357.642,36859.695,36328.184,35765.666,35175.054,34559.530,33922.452,33267.256,32597.364,31916.109,31226.667,30532.021,29834.924,29137.889,28443.181,27752.824,27068.606,26392.097,25724.656,25067.455,24421.489,23787.599,23166.476,22558.688,21964.683,21384.808,20819.316,20268.382,19732.105,19210.521,18703.612,18211.309,17733.502,17270.043,16820.753,16385.424,15963.827,15555.712,15160.813,14778.850,14409.534,14052.564,13707.636,13374.437,13052.652,12741.966,12442.059,12152.612,11873.309,11603.831,11343.863,11093.093,10851.211,10617.907,10392.879,10175.823,9966.442,9764.440,9569.525,9381.408,9199.802,9024.422,8854.988,8691.220,8532.839,8379.570,8231.136,8087.261,7947.671,7812.088,7680.236,7551.834,7426.600,7304.248,7184.486,7067.017,6951.537,6837.735,6725.288,6613.862,6503.112,6392.674,6282.169,6171.195,6059.330,5946.121,5831.087,5713.711,5593.434,5469.653,5341.709,5208.884,5070.390,4925.356,4772.821,4611.718,4440.855,4258.900,4064.362,3855.562,3630.611,3387.389,3123.518,2836.368,2523.090,2180.741,1806.595,1398.808,957.681,487.723,0.000,0.000,0.000,0.000,0.000,0.000,0.000,0.000,0.000,0.000,0.000,0.000,0.000,0.000,0.000,0.000,0.000,0.000,0.000,0.000,124.384,229.217,298.425,321.843,296.312,226.122,122.136,0.000
0.000,664.236,1322.754,1969.821,2599.667,3206.475,3784.365,4327.381,4829.479,5284.513,5686.228,6028.279,6304.314,6508.280,6635.255,6683.504,6659.011,6583.928,6507.028,6496.738,6562.006,6695.551,6894.166,7164.951,7527.555,8014.520,8663.803,9484.354,10376.128,11260.544,12097.384,12871.294,13579.486,14224.739,14811.961,15346.654,15834.260,16279.916,16688.388,17064.064,17410.980,17732.851,18033.100,18314.878,18581.092,18834.424,19077.345,19312.133,19540.889,19765.550,19987.901,20209.588,20432.133,20656.939,20885.304,21118.429,21357.426,21603.326,21857.084,22119.587,22391.658,22674.057,22967.489,23272.600,23589.984,23920.181,24263.673,24620.890,24992.202,25377.917,25778.278,26193.457,26623.549,27068.565,27528.424,28002.941,28491.820,28994.639,29510.838,30039.701,30580.344,31131.693,31692.470,32261.169,32836.040,33415.072,33995.972,34576.166,35152.786,35722.689,36282.477,36828.543,37357.141,37864.475,38346.806,38800.580,39222.544,39609.856,39960.153,40271.591,40542.826,40772.970,40961.506,41108.201,41213.005,41275.968,41297.159,41276.613,41214.286,41110.044,40963.660,40774.837,40543.250,40268.612,39950.752,39589.708,39185.834,38739.894,38253.148,37727.405,37165.032,36568.923,35942.420,35289.195,34613.124,33918.157,33208.196,32487.004,31758.130,31024.861,30290.196,29556.835,28827.183,28103.356,27387.203,26680.321,25984.077,25299.628,24627.946,23969.828,23325.923,22696.745,22082.685,21484.032,20900.979,20333.637,19782.046,19246.183,18725.968,18221.276,17731.941,17257.762,16798.507,16353.921,15923.725,15507.626,15105.315,14716.471,14340.767,13977.866,13627.430,13289.114,12962.573,12647.463,12343.437,12050.153,11767.270,11494.447,11231.350,10977.646,10733.007,10497.108,10269.630,10050.255,9838.671,9634.570,9437.649,9247.605,9064.142,8886.966,8715.786,8550.314,8390.263,8235.348,8085.287,7939.797,7798.596,7661.401,7527.928,7397.892,7271.004,7146.973,7025.503,6906.292,6789.031,6673.403,6559.084,6445.735,6333.006,6220.533,6107.933,5994.804,5880.722,5765.236,5647.866,5528.100,5405.386,5279.130,5148.687,5013.357,4872.378,4724.914,4570.046,4406.768,4233.966,4050.411,3854.750,3645.486,3420.980,3179.445,2918.965,2637.536,2333.165,2004.056,1648.951,1267.683,862.022,436.678,0.000,0.000,0.000,0.000,0.000,0.000,0.000,0.000,0.000,0.000,0.000,0.000,0.000,0.000,0.000,0.000,0.000,0.000,0.000,0.000,80.199,148.286,194.177,211.091,195.708,150.096,81.309,0.000
0.000,587.782,1169.849,1740.458,2293.816,2824.048,3325.170,3791.042,4215.325,4591.396,4912.238,5170.265,5357.092,5463.288,5478.374,5391.946,5198.518,4912.970,4609.561,4470.675,4455.493,4523.833,4658.771,4864.228,5165.941,5619.948,6324.239,7384.623,8514.633,9585.297,10560.696,11439.477,12230.483,12944.341,13590.939,14178.869,14715.485,15207.111,15659.239,16076.708,16463.827,16824.474,17162.169,17480.124,17781.285,18068.364,18343.861,18610.084,18869.171,19123.101,19373.707,19622.693,19871.638,20122.014,20375.188,20632.437,20894.949,21163.836,21440.137,21724.822,22018.800,22322.918,22637.969,22964.690,23303.765,23655.822,24021.439,24401.136,24795.377,25204.565,25629.035,26069.055,26524.816,26996.420,27483.880,27987.104,28505.883,29039.880,29588.612,30151.437,30727.529,31315.863,31915.188,32524.004,33140.536,33762.710,34388.125,35014.040,35637.359,36254.630,36862.072,37455.612,38030.970,38583.761,39109.646,39604.491,40064.539,40486.560,40867.955,41206.796,41501.802,41752.263,41957.916,42118.818,42235.209,42307.398,42335.662,42320.177,42260.965,42157.877,42010.590,41818.634,41581.447,41298.451,40969.154,40593.280,40170.905,39702.600,39189.557,38633.670,38037.565,37404.551,36738.508,36043.731,35324.745,34586.128,33832.362,33067.711,32296.141,31521.274,30746.364,29974.297,29207.603,28448.480,27698.814,26960.211,26234.023,25521.375,24823.190,24140.212,23473.025,22822.075,22187.685,21570.070,20969.352,20385.571,19818.696,19268.636,18735.245,18218.334,17717.675,17233.008,16764.045,16310.477,15871.975,15448.198,15038.790,14643.390,14261.627,13893.129,13537.521,13194.424,12863.463,12544.263,12236.452,11939.660,11653.523,11377.677,11111.768,10855.444,10608.357,10370.167,10140.537,9919.136,9705.638,9499.723,9301.074,9109.380,8924.332,8745.628,8572.967,8406.052,8244.590,8088.288,7936.856,7790.006,7647.449,7508.896,7374.058,7242.645,7114.365,6988.920,6866.012,6745.333,6626.574,6509.413,6393.523,6278.564,6164.186,6050.022,5935.692,5820.793,5704.905,5587.581,5468.348,5346.702,5222.102,5093.971,4961.685,4824.569,4681.894,4532.868,4376.629,4212.239,4038.674,3854.824,3659.479,3451.338,3229.006,2991.019,2735.873,2462.095,2168.362,1853.689,1517.719,1161.134,786.156,397.001,0.000,0.000,0.000,0.000,0.000,0.000,0.000,0.000,0.000,0.000,0.000,0.000,0.000,0.000,0.000,0.000,0.000,0.000,0.000,0.000,48.126,89.552,118.905,132.638,125.333,97.246,53.003,0.000
0.000,517.047,1028.407,1528.355,2011.101,2470.746,2901.237,3296.310,3649.402,3953.531,4201.086,4383.477,4490.529,4509.433,4423.036,4207.415,3830.176,3259.904,2547.598,2320.939,2265.494,2285.554,2352.903,2467.302,2652.098,2975.176,3628.695,5215.422,6712.687,8005.561,9120.916,10095.770,10959.003,11731.625,12429.049,13062.904,13642.254,14174.398,14665.391,15120.388,15543.874,15939.822,16311.795,16663.025,16996.466,17314.836,17620.641,17916.205,18203.686,18485.091,18762.291,19037.032,19310.946,19585.560,19862.305,20142.522,20427.473,20718.343,21016.247,21322.237,21637.302,21962.377,22298.337,22646.010,23006.169,23379.534,23766.776,24168.510,24585.297,25017.636,25465.965,25930.652,26411.988,26910.181,27425.345,27957.492,28506.514,29072.176,29654.089,30251.701,30864.270,31490.838,32130.209,32780.913,33441.175,34108.883,34781.547,35456.273,36129.729,36798.142,37457.297,38102.582,38729.070,39331.648,39905.209,40444.871,40946.222,41405.544,41819.956,42187.472,42506.957,42777.992,43000.704,43175.571,43303.241,43384.380,43419.545,43409.102,43353.163,43251.560,43103.847,42909.333,42667.138,42376.288,42035.849,41645.086,41203.657,40711.818,40170.605,39581.975,38948.854,38275.078,37565.229,36824.403,36057.950,35271.231,34469.423,33657.373,32839.513,32019.820,31201.804,30388.524,29582.617,28786.332,28001.568,27229.912,26472.674,25730.921,25005.507,24297.099,23606.198,22933.167,22278.242,21641.554,21023.140,20422.959,19840.900,19276.793,18730.421,18201.522,17689.802,17194.936,16716.576,16254.353,15807.887,15376.783,14960.638,14559.045,14171.593,13797.867,13437.456,13089.947,12754.932,12432.005,12120.767,11820.822,11531.779,11253.255,10984.871,10726.258,10477.049,10236.887,10005.419,9782.300,9567.192,9359.759,9159.675,8966.616,8780.266,8600.311,8426.443,8258.356,8095.750,7938.325,7785.786,7637.836,7494.184,7354.534,7218.593,7086.067,6956.660,6830.071,6705.998,6584.131,6464.159,6345.760,6228.604,6112.353,5996.655,5881.146,5765.448,5649.163,5531.876,5413.148,5292.516,5169.488,5043.540,4914.115,4780.614,4642.397,4498.774,4349.001,4192.281,4027.753,3854.489,3671.498,3477.722,3272.042,3053.297,2820.303,2571.904,2307.041,2024.870,1724.924,1407.341,1073.152,724.570,365.205,0.000,0.000,0.000,0.000,0.000,0.000,0.000,0.000,0.000,0.000,0.000,0.000,0.000,0.000,0.000,0.000,0.000,0.000,0.000,0.000,22.754,42.890,59.255,75.224,75.739,60.553,33.457,0.000
0.000,452.004,898.381,1333.462,1751.497,2146.608,2512.737,2843.572,3132.459,3372.258,3555.117,3672.049,3712.135,3660.900,3496.947,3184.522,2654.888,1748.884,0.000,0.000,0.000,0.000,0.000,0.000,0.000,0.000,0.000,3135.804,5115.307,6603.563,7821.903,8863.994,9778.489,10594.503,11331.168,12001.928,12616.757,13183.409,13708.154,14196.237,14652.164,15079.891,15482.952,15864.546,16227.594,16574.788,16908.620,17231.408,17545.316,17852.365,18154.451,18453.355,18750.748,19048.206,19347.215,19649.175,19955.412,20267.180,20585.668,20912.002,21247.251,21592.430,21948.502,22316.378,22696.922,23090.948,23499.219,23922.449,24361.299,24816.369,25288.204,25777.279,26283.994,26808.670,27351.536,27912.719,28492.229,29089.944,29705.594,30338.736,30988.736,31654.734,32335.615,33029.975,33736.075,34451.797,35174.596,35901.450,36628.808,37352.563,38068.029,38769.973,39452.688,40110.149,40736.253,41325.128,41871.492,42370.983,42820.386,43217.707,43562.080,43853.559,44092.849,44281.030,44419.313,44508.844,44550.551,44545.043,44492.549,44392.883,44245.448,44049.266,43803.047,43505.295,43154.465,42749.173,42288.458,41772.069,41200.753,40576.481,39902.537,39183.444,38424.722,37632.527,36813.277,35973.312,35118.643,34254.790,33386.693,32518.691,31654.537,30797.434,29950.090,29114.767,28293.341,27487.342,26698.007,25926.315,25173.023,24438.697,23723.737,23028.400,22352.823,21697.035,21060.978,20444.516,19847.449,19269.521,18710.434,18169.848,17647.395,17142.680,16655.290,16184.796,15730.758,15292.727,14870.251,14462.874,14070.140,13691.594,13326.785,12975.265,12636.592,12310.331,11996.051,11693.330,11401.755,11120.916,10850.417,10589.865,10338.877,10097.079,9864.103,9639.589,9423.184,9214.543,9013.326,8819.201,8631.839,8450.920,8276.126,8107.146,7943.671,7785.396,7632.018,7483.237,7338.755,7198.275,7061.498,6928.127,6797.863,6670.402,6545.441,6422.669,6301.773,6182.432,6064.316,5947.087,5830.398,5713.888,5597.182,5479.891,5361.605,5241.898,5120.318,4996.391,4869.613,4739.449,4605.333,4466.660,4322.785,4173.020,4016.634,3852.845,3680.826,3499.703,3308.561,3106.454,2892.423,2665.523,2424.872,2169.712,1899.510,1614.090,1313.802,999.726,673.869,339.282,0.000,0.000,0.000,0.000,0.000,0.000,0.000,0.000,0.000,0.000,0.000,0.000,0.000,0.000,0.000,0.000,0.000,0.000,0.000,0.000,0.000,0.000,0.000,33.265,41.845,35.771,20.273,0.000
0.000,392.592,779.656,1155.620,1514.824,1851.463,2159.542,2432.797,2664.618,2847.943,2975.091,3037.485,3025.079,2925.104,2719.347,2378.854,1855.978,1080.749,0.000,0.000,0.000,0.000,0.000,0.000,0.000,0.000,0.000,2212.588,4009.327,5471.681,6699.381,7760.105,8696.787,9537.104,10299.609,10997.342,11639.941,12234.872,12788.169,13304.874,13789.327,14245.343,14676.339,15085.415,15475.420,15848.988,16208.569,16556.459,16894.810,17225.646,17550.878,17872.307,18191.641,18510.494,18830.398,19152.809,19479.111,19810.620,20148.595,20494.232,20848.678,21213.026,21588.321,21975.561,22375.699,22789.641,23218.248,23662.333,24122.658,24599.934,25094.813,25607.885,26139.669,26690.608,27261.057,27851.271,28461.393,29091.435,29741.263,30410.572,31098.860,31805.396,32529.188,33268.934,34022.979,34789.251,35565.196,36347.713,37133.068,37916.833,38693.829,39458.121,40203.070,40921.503,41606.004,42249.359,42845.084,43387.944,43874.322,44302.303,44671.502,44982.715,45237.497,45437.778,45585.529,45682.524,45730.163,45729.367,45680.510,45583.386,45437.215,45240.668,44991.936,44688.841,44329.021,43910.183,43430.453,42888.789,42285.429,41622.257,40902.995,40133.100,39319.380,38469.432,37591.075,36691.884,35778.870,34858.305,33935.663,33015.630,32102.162,31198.557,30307.538,29431.330,28571.733,27730.178,26907.787,26105.419,25323.702,24563.075,23823.814,23106.051,22409.804,21734.988,21081.434,20448.901,19837.089,19245.648,18674.189,18122.290,17589.501,17075.354,16579.365,16101.041,15639.879,15195.374,14767.019,14354.311,13956.745,13573.825,13205.059,12849.964,12508.062,12178.887,11861.977,11556.886,11263.173,10980.408,10708.170,10446.049,10193.643,9950.561,9716.421,9490.847,9273.475,9063.945,8861.910,8667.025,8478.953,8297.366,8121.937,7952.349,7788.287,7629.439,7475.498,7326.159,7181.120,7040.079,6902.737,6768.792,6637.943,6509.886,6384.316,6260.923,6139.393,6019.405,5900.634,5782.743,5665.389,5548.217,5430.858,5312.930,5194.037,5073.763,4951.673,4827.310,4700.194,4569.819,4435.650,4297.123,4153.640,4004.572,3849.253,3686.985,3517.037,3338.648,3151.036,2953.410,2744.984,2525.010,2292.808,2047.827,1789.713,1518.407,1234.273,938.243,631.993,318.085,0.000,0.000,0.000,0.000,0.000,0.000,0.000,0.000,0.000,0.000,0.000,0.000,0.000,0.000,0.000,0.000,0.000,0.000,0.000,0.000,0.000,0.000,0.000,15.992,22.605,20.414,11.864,0.000
0.000,338.709,672.034,994.546,1300.721,1584.889,1841.181,2063.465,2245.286,2379.817,2459.833,2477.735,2425.607,2295.103,2076.497,1755.580,1309.429,718.136,0.000,0.000,0.000,0.000,0.000,0.000,0.000,0.000,0.000,1705.304,3237.863,4574.630,5744.059,6780.524,7711.758,8557.870,9333.215,10048.327,10711.270,11328.492,11905.337,12446.369,12955.575,13436.505,13892.374,14326.129,14740.498,15138.026,15521.104,15891.982,16252.789,16605.542,16952.152,17294.439,17634.132,17972.882,18312.260,18653.770,18998.850,19348.875,19705.166,20068.990,20441.565,20824.061,21217.605,21623.280,22042.126,22475.145,22923.293,23387.486,23868.593,24367.435,24884.781,25421.340,25977.761,26554.616,27152.398,27771.505,28412.229,29074.734,29759.045,30465.019,31192.319,31940.382,32708.376,33495.157,34299.208,35118.567,35950.749,36792.645,37640.409,38489.343,39333.787,40167.044,40981.383,41768.179,42518.275,43222.576,43872.875,44462.710,44987.964,45446.977,45840.199,46169.579,46437.921,46648.325,46803.770,46906.827,46959.482,46963.029,46918.017,46824.224,46680.656,46485.565,46236.509,45930.451,45563.950,45133.462,44635.780,44068.633,43431.370,42725.607,41955.602,41128.133,40251.851,39336.365,38391.364,37425.973,36448.374,35465.659,34483.818,33507.832,32541.782,31588.981,30652.090,29733.226,28834.049,27955.841,27099.561,26265.905,25455.344,24668.162,23904.481,23164.291,22447.473,21753.811,21083.012,20434.718,19808.519,19203.963,18620.562,18057.803,17515.152,16992.060,16487.970,16002.317,15534.536,15084.063,14650.333,14232.792,13830.889,13444.081,13071.838,12713.637,12368.967,12037.327,11718.229,11411.197,11115.766,10831.482,10557.904,10294.602,10041.156,9797.159,9562.212,9335.928,9117.928,8907.844,8705.314,8509.986,8321.515,8139.563,7963.798,7793.895,7629.533,7470.396,7316.172,7166.553,7021.232,6879.906,6742.271,6608.026,6476.868,6348.493,6222.594,6098.863,5976.987,5856.649,5737.525,5619.283,5501.586,5384.085,5266.419,5148.218,5029.096,4908.653,4786.470,4662.114,4535.128,4405.035,4271.337,4133.510,3991.008,3843.256,3689.660,3529.599,3362.435,3187.514,3004.176,2811.765,2609.644,2397.221,2173.968,1939.464,1693.438,1435.828,1166.854,887.135,597.869,301.095,0.000,0.000,0.000,0.000,0.000,0.000,0.000,0.000,0.000,0.000,0.000,0.000,0.000,0.000,0.000,0.000,0.000,0.000,0.000,0.000,0.000,0.000,0.000,8.097,12.171,11.416,6.769,0.000
0.000,290.212,575.230,849.814,1108.630,1346.198,1556.837,1734.605,1873.255,1966.217,2006.699,1988.027,1904.522,1753.216,1535.965,1257.547,908.027,482.368,0.000,0.000,0.000,0.000,0.000,0.000,0.000,0.000,0.000,1370.839,2662.308,3845.081,4921.902,5906.418,6812.139,7649.728,8427.425,9151.893,9828.774,10462.981,11058.855,11620.269,12150.717,12653.389,13131.226,13586.971,14023.197,14442.337,14846.698,15238.475,15619.761,15992.552,16358.759,16720.207,17078.646,17435.752,17793.135,18152.338,18514.849,18882.099,19255.467,19636.287,20025.846,20425.389,20836.121,21259.210,21695.786,22146.942,22613.734,23097.182,23598.264,24117.916,24657.029,25216.440,25796.930,26399.217,27023.938,27671.651,28342.810,29037.754,29756.689,30499.662,31266.533,32056.944,32870.277,33705.598,34561.601,35436.519,36328.031,37233.133,38147.982,39067.724,39986.291,40896.223,41788.549,42652.846,43477.606,44251.038,44962.357,45603.264,46169.035,46658.620,47073.904,47418.639,47697.433,47914.978,48075.544,48182.678,48239.055,48246.399,48205.460,48116.000,47976.789,47785.611,47539.280,47233.715,46864.098,46425.186,45911.850,45319.897,44647.145,43894.567,43067.076,42173.417,41225.004,40234.330,39213.600,38173.863,37124.630,36073.807,35027.825,33991.837,32969.926,31965.299,30980.449,30017.296,29077.288,28161.488,27270.647,26405.256,25565.590,24751.746,23963.672,23201.194,22464.034,21751.832,21064.157,20400.524,19760.402,19143.225,18548.403,17975.324,17423.364,16891.889,16380.263,15887.850,15414.017,14958.136,14519.587,14097.761,13692.058,13301.892,12926.688,12565.887,12218.941,11885.317,11564.499,11255.982,10959.275,10673.903,10399.403,10135.326,9881.236,9636.706,9401.327,9174.695,8956.421,8746.124,8543.434,8347.990,8159.437,7977.432,7801.636,7631.716,7467.348,7308.212,7153.990,7004.372,6859.049,6717.714,6580.064,6445.795,6314.604,6186.187,6060.239,5936.454,5814.520,5694.124,5574.946,5456.661,5338.937,5221.432,5103.797,4985.673,4866.687,4746.455,4624.579,4500.646,4374.228,4244.878,4112.134,3975.514,3834.522,3688.642,3537.344,3380.085,3216.313,3045.474,2867.019,2680.410,2485.141,2280.743,2066.807,1842.999,1609.072,1364.879,1110.388,845.728,571.344,288.457,0.000,0.000,0.000,0.000,0.000,0.000,0.000,0.000,0.000,0.000,0.000,0.000,0.000,0.000,0.000,0.000,0.000,0.000,0.000,0.000,0.000,0.000,0.000,4.227,6.564,6.310,3.796,0.000
0.000,246.910,488.862,720.855,937.793,1134.444,1305.370,1444.872,1546.918,1605.107,1612.728,1563.161,1451.246,1277.279,1056.605,830.623,582.768,303.310,0.000,0.000,0.000,0.000,0.000,0.000,0.000,0.000,0.000,1115.805,2195.553,3221.625,4192.235,5111.330,5980.914,6801.782,7575.210,8303.432,8989.379,9636.273,10247.342,10825.684,11374.227,11895.739,12392.843,12868.042,13323.733,13762.216,14185.703,14596.324,14996.127,15387.085,15771.097,16149.993,16525.534,16899.420,17273.292,17648.732,18027.273,18410.395,18799.536,19196.090,19601.412,20016.820,20443.595,20882.989,21336.220,21804.474,22288.908,22790.647,23310.781,23850.366,24410.417,24991.907,25595.760,26222.841,26873.951,27549.816,28251.071,28978.247,29731.756,30511.860,31318.653,32152.023,33011.614,33896.771,34806.475,35739.258,36693.085,37665.212,38651.979,39648.571,40648.697,41644.246,42624.955,43578.237,44489.422,45342.746,46123.358,46820.040,47427.363,47945.618,48379.200,48734.674,49019.221,49239.632,49401.767,49510.305,49568.680,49579.075,49542.451,49458.559,49325.933,49141.862,48902.351,48602.115,48234.643,47792.457,47267.687,46653.138,45943.955,45139.686,44246.004,43274.782,42241.787,41163.764,40056.296,38932.748,37804.012,36678.691,35563.455,34463.419,33382.475,32323.559,31288.866,30280.005,29298.128,28344.014,27418.146,26520.767,25651.919,24811.486,23999.212,23214.739,22457.614,21727.317,21023.265,20344.834,19691.364,19062.168,18456.544,17873.776,17313.145,16773.927,16255.406,15756.868,15277.611,14816.942,14374.183,13948.669,13539.751,13146.796,12769.188,12406.327,12057.631,11722.535,11400.492,11090.970,10793.455,10507.447,10232.463,9968.036,9713.711,9469.049,9233.622,9007.018,8788.833,8578.679,8376.173,8180.947,7992.640,7810.900,7635.383,7465.752,7301.677,7142.834,6988.904,6839.573,6694.529,6553.466,6416.078,6282.061,6151.114,6022.933,5897.215,5773.657,5651.950,5531.786,5412.849,5294.821,5177.377,5060.186,4942.909,4825.199,4706.698,4587.041,4465.848,4342.731,4217.289,4089.106,3957.757,3822.804,3683.796,3540.276,3391.777,3237.828,3077.959,2911.708,2738.624,2558.281,2370.281,2174.269,1969.937,1757.019,1535.284,1304.487,1064.298,814.192,553.414,281.417,0.000,0.000,0.000,0.000,0.000,0.000,0.000,0.000,0.000,0.000,0.000,0.000,0.000,0.000,0.000,0.000,0.000,0.000,0.000,0.000,0.000,0.000,0.000,2.245,3.549,3.465,2.105,0.000
0.000,208.568,412.458,606.952,787.249,948.418,1085.334,1192.602,1264.447,1294.571,1275.954,1200.651,1060.028,848.057,582.558,425.573,289.111,148.105,0.000,0.000,0.000,0.000,0.000,0.000,0.000,0.000,0.000,896.884,1782.563,2653.757,3514.244,4365.954,5198.644,6001.558,6768.520,7497.605,8189.438,8845.831,9469.038,10061.419,10625.332,11163.099,11677.006,12169.303,12642.196,13097.847,13538.370,13965.822,14382.206,14789.467,15189.489,15584.102,15975.078,16364.137,16752.945,17143.120,17536.236,17933.822,18337.367,18748.326,19168.117,19598.128,20039.717,20494.218,20962.934,21447.148,21948.115,22467.068,23005.211,23563.722,24143.749,24746.403,25372.757,26023.836,26700.613,27403.994,28134.812,28893.810,29681.621,30498.757,31345.574,32222.250,33128.740,34064.736,35029.594,36022.254,37041.122,38083.906,39147.384,40227.088,41316.854,42408.253,43489.898,44546.803,45560.144,46508.184,47369.279,48127.141,48775.706,49318.218,49763.519,50122.540,50406.041,50623.456,50782.475,50888.984,50947.173,50959.661,50927.606,50850.755,50727.434,50554.473,50327.083,50038.699,49680.871,49243.305,48714.319,48082.062,47336.936,46475.340,45503.637,44439.132,43304.857,42123.947,40916.425,39698.221,38481.424,37274.976,36085.412,34917.477,33774.599,32659.237,31573.121,30517.435,29492.937,28500.053,27538.943,26609.556,25711.669,24844.918,24008.826,23202.825,22426.275,21678.476,20958.687,20266.130,19600.008,18959.507,18343.804,17752.075,17183.499,16637.263,16112.561,15608.605,15124.617,14659.840,14213.535,13784.981,13373.479,12978.348,12598.930,12234.586,11884.700,11548.673,11225.928,10915.908,10618.073,10331.902,10056.892,9792.556,9538.425,9294.042,9058.969,8832.779,8615.060,8405.411,8203.443,8008.779,7821.051,7639.901,7464.981,7295.948,7132.470,6974.218,6820.871,6672.113,6527.633,6387.122,6250.274,6116.787,5986.360,5858.692,5733.482,5610.429,5489.231,5369.582,5251.175,5133.699,5016.836,4900.266,4783.661,4666.688,4549.007,4430.267,4310.112,4188.177,4064.087,3937.460,3807.907,3675.031,3538.428,3397.694,3252.422,3102.211,2946.667,2785.409,2618.081,2444.353,2263.933,2076.570,1882.056,1680.214,1470.865,1253.744,1028.326,793.476,546.794,283.831,0.000,0.000,0.000,0.000,0.000,0.000,0.000,0.000,0.000,0.000,0.000,0.000,0.000,0.000,0.000,0.000,0.000,0.000,0.000,0.000,0.000,0.000,0.000,1.204,1.923,1.895,1.159,0.000
0.000,174.906,345.453,507.249,655.837,786.649,894.952,975.760,1023.703,1032.784,995.869,903.467,740.161,472.363,0.000,0.000,0.000,0.000,0.000,0.000,0.000,0.000,0.000,0.000,0.000,0.000,0.000,689.211,1384.135,2096.703,2845.168,3639.778,4446.364,5237.539,6000.002,6729.366,7425.309,8088.991,8722.014,9326.119,9903.116,10454.891,10983.392,11490.617,11978.588,12449.333,12904.869,13347.187,13778.242,14199.953,14614.190,15022.780,15427.505,15830.099,16232.254,16635.621,17041.810,17452.395,17868.917,18292.885,18725.779,19169.056,19624.149,20092.468,20575.407,21074.340,21590.623,22125.596,22680.582,23256.884,23855.782,24478.534,25126.368,25800.478,26502.014,27232.080,27991.717,28781.894,29603.494,30457.296,31343.951,32263.961,33217.648,34205.107,35226.158,36280.268,37366.445,38483.081,39627.711,40796.655,41984.459,43183.056,44380.591,45559.903,46697.099,47761.466,48719.300,49544.379,50230.918,50788.830,51234.901,51586.702,51859.712,52066.438,52216.449,52316.740,52372.123,52385.548,52358.320,52290.191,52179.351,52022.300,51813.605,51545.542,51207.668,50786.427,50265.105,49624.768,48847.337,47922.094,46855.117,45674.344,44415.708,43111.943,41788.488,40463.589,39149.836,37855.774,36587.181,35347.960,34140.731,32967.226,31828.541,30725.304,29657.790,28626.003,27629.729,26668.583,25742.042,24849.472,23990.149,23163.281,22368.020,21603.479,20868.742,20162.871,19484.923,18833.947,18208.997,17609.136,17033.438,16480.991,15950.904,15442.307,14954.349,14486.205,14037.074,13606.179,13192.770,12796.119,12415.525,12050.312,11699.826,11363.439,11040.544,10730.556,10432.914,10147.073,9872.513,9608.728,9355.232,9111.557,8877.250,8651.874,8435.005,8226.235,8025.166,7831.414,7644.605,7464.376,7290.374,7122.255,6959.679,6802.319,6649.850,6501.956,6358.324,6218.647,6082.619,5949.938,5820.306,5693.425,5568.997,5446.725,5326.312,5207.459,5089.864,4973.225,4857.234,4741.581,4625.951,4510.025,4393.478,4275.979,4157.193,4036.778,3914.388,3789.672,3662.275,3531.839,3398.008,3260.427,3118.746,2972.626,2821.744,2665.796,2504.510,2337.647,2165.013,1986.461,1801.897,1611.264,1414.519,1211.549,1001.989,784.741,556.551,307.146,0.000,0.000,0.000,0.000,0.000,0.000,0.000,0.000,0.000,0.000,0.000,0.000,0.000,0.000,0.000,0.000,0.000,0.000,0.000,0.000,0.000,0.000,0.000,0.650,1.043,1.034,0.635,0.000
0.000,145.604,287.199,420.757,542.204,647.395,732.068,791.786,821.827,816.996,771.276,677.191,524.790,301.236,0.000,0.000,0.000,0.000,0.000,0.000,0.000,0.000,0.000,0.000,0.000,0.000,0.000,475.861,968.120,1503.836,2130.065,2901.779,3709.685,4502.462,5264.851,5994.855,6693.790,7363.195,8004.338,8618.391,9206.628,9770.500,10311.637,10831.804,11332.862,11816.722,12285.316,12740.577,13184.422,13618.744,14045.401,14466.220,14882.988,15297.455,15711.337,16126.313,16544.027,16966.097,17394.110,17829.628,18274.192,18729.323,19196.526,19677.290,20173.094,20685.403,21215.675,21765.360,22335.896,22928.715,23545.235,24186.863,24854.988,25550.978,26276.172,27031.880,27819.363,28639.832,29494.435,30384.239,31310.217,32273.229,33273.999,34313.084,35390.840,36507.368,37662.436,38855.356,40084.787,41348.393,42642.258,43959.872,45290.413,46615.980,47907.703,49122.057,50202.816,51100.865,51815.440,52371.947,52801.205,53130.293,53380.301,53566.761,53700.767,53790.026,53839.652,53852.715,53830.563,53772.969,53678.118,53542.421,53360.155,53122.871,52818.523,52430.343,51935.643,51305.340,50506.364,49511.446,48321.310,46988.395,45572.723,44120.724,42663.147,41219.020,39799.815,38412.410,37060.934,35747.848,34474.578,33241.874,32050.027,30898.997,29788.498,28718.050,27687.025,26694.669,25740.133,24822.489,23940.749,23093.880,22280.813,21500.462,20751.726,20033.501,19344.687,18684.193,18050.945,17443.885,16861.980,16304.221,15769.625,15257.239,14766.139,14295.430,13844.250,13411.766,12997.174,12599.702,12218.606,11853.172,11502.711,11166.564,10844.096,10534.697,10237.780,9952.784,9679.167,9416.408,9164.006,8921.479,8688.362,8464.208,8248.585,8041.074,7841.273,7648.790,7463.247,7284.276,7111.519,6944.629,6783.267,6627.101,6475.807,6329.068,6186.570,6048.008,5913.077,5781.478,5652.915,5527.092,5403.717,5282.498,5163.142,5045.357,4928.850,4813.326,4698.488,4584.037,4469.671,4355.084,4239.970,4124.015,4006.906,3888.324,3767.951,3645.464,3520.544,3392.871,3262.130,3128.013,2990.223,2848.480,2702.522,2552.118,2397.071,2237.226,2072.481,1902.793,1728.190,1548.767,1364.691,1176.191,983.542,787.101,587.626,388.247,205.041,122.758,76.825,45.885,21.618,0.000,0.000,0.000,0.000,0.000,0.000,0.000,0.000,0.000,0.000,0.000,0.000,0.000,0.000,0.000,0.000,0.000,0.000,0.352,0.567,0.564,0.347,0.000
0.000,120.311,236.985,346.378,444.831,528.660,594.142,637.492,654.827,642.102,595.053,509.232,380.571,207.791,0.000,0.000,0.000,0.000,0.000,0.000,0.000,0.000,0.000,0.000,0.000,0.000,0.000,246.135,508.688,820.515,1269.562,2127.712,2988.300,3797.975,4562.327,5291.694,5992.122,6666.022,7314.148,7936.917,8534.980,9109.360,9661.402,10192.691,10704.961,11200.037,11679.792,12146.113,12600.890,13045.995,13483.280,13914.569,14341.659,14766.315,15190.272,15615.236,16042.887,16474.878,16912.842,17358.392,17813.125,18278.626,18756.467,19248.216,19755.432,20279.674,20822.501,21385.468,21970.134,22578.058,23210.801,23869.920,24556.971,25273.502,26021.048,26801.130,27615.243,28464.853,29351.382,30276.204,31240.633,32245.908,33293.184,34383.518,35517.856,36697.008,37921.624,39192.139,40508.671,41870.815,43277.208,44724.614,46206.014,47706.652,49196.377,50616.890,51869.646,52841.394,53558.576,54082.839,54468.188,54753.468,54964.932,55120.027,55230.321,55303.430,55344.231,55355.585,55338.738,55293.502,55218.230,55109.616,54962.242,54767.792,54513.754,54181.344,53742.376,53155.210,52362.000,51296.735,49931.068,48386.057,46766.989,45136.072,43525.408,41950.641,40419.163,38934.341,37497.567,36109.239,34769.220,33477.067,32232.135,31033.634,29880.660,28772.213,27707.217,26684.528,25702.949,24761.242,23858.140,22992.355,22162.590,21367.545,20605.929,19876.462,19177.884,18508.959,17868.478,17255.263,16668.169,16106.085,15567.938,15052.692,14559.346,14086.937,13634.542,13201.269,12786.267,12388.716,12007.830,11642.858,11293.078,10957.800,10636.362,10328.130,10032.495,9748.876,9476.713,9215.470,8964.632,8723.706,8492.215,8269.703,8055.729,7849.868,7651.710,7460.859,7276.932,7099.558,6928.377,6763.038,6603.201,6448.534,6298.713,6153.419,6012.341,5875.175,5741.618,5611.375,5484.151,5359.655,5237.601,5117.700,4999.667,4883.217,4768.065,4653.924,4540.510,4427.533,4314.706,4201.737,4088.336,3974.209,3859.062,3742.600,3624.531,3504.561,3382.403,3257.771,3130.392,2999.999,2866.345,2729.200,2588.362,2443.661,2294.967,2142.202,1985.347,1824.457,1659.676,1491.254,1319.578,1145.228,969.092,792.654,618.723,453.251,309.210,209.202,138.677,85.110,40.591,0.000,0.000,0.000,0.000,0.000,0.000,0.000,0.000,0.000,0.000,0.000,0.000,0.000,0.000,0.000,0.000,0.000,0.000,0.191,0.308,0.307,0.189,0.000
0.000,98.656,194.053,282.941,362.084,428.275,478.350,509.218,517.888,501.534,457.602,384.115,280.475,149.357,0.000,0.000,0.000,0.000,0.000,0.000,0.000,0.000,0.000,0.000,0.000,0.000,0.000,0.000,0.000,0.000,0.000,1351.305,2317.963,3138.989,3895.004,4617.726,5317.276,5994.956,6649.686,7280.558,7887.465,8471.042,9032.444,9573.155,10094.847,10599.304,11088.364,11563.893,12027.759,12481.828,12927.946,13367.941,13803.617,14236.754,14669.107,15102.406,15538.362,15978.666,16424.991,16878.997,17342.336,17816.651,18303.582,18804.769,19321.855,19856.487,20410.321,20985.022,21582.268,22203.745,22851.158,23526.218,24230.649,24966.184,25734.560,26537.518,27376.792,28254.109,29171.181,30129.698,31131.323,32177.689,33270.395,34411.013,35601.095,36842.194,38135.892,39483.847,40887.847,42349.850,43871.957,45456.125,47103.080,48808.881,50554.840,52279.996,53817.944,54836.912,55495.027,55933.025,56235.611,56450.821,56606.286,56718.448,56797.410,56849.492,56878.607,56887.004,56875.655,56844.423,56792.044,56715.938,56611.777,56472.683,56287.751,56039.314,55697.741,55211.589,54490.201,53382.998,51720.818,49858.510,47973.916,46132.054,44352.730,42639.995,40992.938,39409.361,37886.946,36423.557,35017.279,33666.363,32369.176,31124.144,29929.728,28784.392,27686.597,26634.798,25627.439,24662.961,23739.806,22856.423,22011.275,21202.846,20429.645,19690.210,18983.118,18306.982,17660.456,17042.238,16451.071,15885.743,15345.088,14827.985,14333.358,13860.178,13407.457,12974.251,12559.656,12162.808,11782.882,11419.090,11070.678,10736.925,10417.146,10110.681,9816.903,9535.211,9265.029,9005.807,8757.019,8518.157,8288.738,8068.295,7856.382,7652.566,7456.432,7267.581,7085.626,6910.193,6740.920,6577.455,6419.458,6266.595,6118.543,5974.986,5835.613,5700.123,5568.215,5439.597,5313.980,5191.076,5070.605,4952.283,4835.833,4720.978,4607.439,4494.942,4383.210,4271.969,4160.941,4049.853,3938.427,3826.391,3713.469,3599.390,3483.885,3366.688,3247.541,3126.193,3002.405,2875.951,2746.626,2614.246,2478.661,2339.753,2197.454,2051.749,1902.691,1750.417,1595.168,1437.320,1277.425,1116.296,955.149,795.868,641.489,496.920,369.415,266.211,183.606,115.304,55.643,0.000,0.000,0.000,0.000,0.000,0.000,0.000,0.000,0.000,0.000,0.000,0.000,0.000,0.000,0.000,0.000,0.000,0.000,0.103,0.167,0.167,0.103,0.000
0.000,80.259,157.632,229.251,292.292,344.007,381.769,403.142,405.977,388.546,349.709,289.154,207.857,109.162,0.000,0.000,0.000,0.000,0.000,0.000,0.000,0.000,0.000,0.000,0.000,0.000,0.000,0.000,0.000,0.000,0.000,959.618,1793.372,2545.167,3261.162,3967.157,4664.566,5347.142,6009.427,6648.545,7263.698,7855.353,8424.671,8973.165,9502.533,10014.565,10511.100,10993.998,11465.123,11926.339,12379.493,12826.418,13268.929,13708.819,14147.862,14587.812,15030.408,15477.372,15930.418,16391.251,16861.570,17343.077,17837.475,18346.474,18871.795,19415.173,19978.361,20563.129,21171.273,21804.610,22464.983,23154.262,23874.342,24627.143,25414.608,26238.702,27101.404,28004.709,28950.624,29941.159,30978.333,32064.171,33200.715,34390.041,35634.289,36935.721,38296.810,39720.383,41209.851,42769.564,44405.377,46125.523,47941.908,49871.488,51934.563,54130.681,56285.519,57193.546,57651.837,57918.854,58090.631,58208.134,58291.158,58350.281,58391.588,58418.730,58433.911,58438.378,58432.667,58416.705,58389.803,58350.534,58296.469,58223.642,58125.495,57990.669,57797.953,57503.497,57004.551,56024.640,53711.205,51353.861,49138.817,47066.289,45114.329,43264.607,41504.232,39824.279,38218.409,36681.927,35211.182,33803.183,32455.351,31165.369,29931.078,28750.422,27621.406,26542.080,25510.526,24524.859,23583.223,22683.800,21824.805,21004.500,20221.188,19473.226,18759.018,18077.027,17425.768,16803.815,16209.795,15642.396,15100.358,14582.477,14087.605,13614.642,13162.541,12730.305,12316.980,11921.660,11543.481,11181.618,10835.289,10503.746,10186.276,9882.202,9590.874,9311.676,9044.018,8787.335,8541.091,8304.768,8077.875,7859.937,7650.502,7449.132,7255.410,7068.931,6889.307,6716.160,6549.130,6387.864,6232.019,6081.266,5935.282,5793.751,5656.367,5522.830,5392.843,5266.119,5142.371,5021.320,4902.688,4786.201,4671.587,4558.577,4446.902,4336.298,4226.498,4117.239,4008.259,3899.298,3790.095,3680.393,3569.939,3458.481,3345.773,3231.576,3115.659,2997.802,2877.796,2755.453,2630.604,2503.109,2372.856,2239.777,2103.850,1965.115,1823.680,1679.743,1533.616,1385.749,1236.785,1087.626,939.546,794.352,654.583,523.633,405.399,302.678,214.274,136.880,66.685,0.000,0.000,0.000,0.000,0.000,0.000,0.000,0.000,0.000,0.000,0.000,0.000,0.000,0.000,0.000,0.000,0.000,0.000,0.056,0.091,0.091,0.056,0.000
0.000,64.750,126.965,184.139,233.827,273.693,301.579,315.606,314.334,296.964,263.536,214.935,152.637,79.434,0.000,0.000,0.000,0.000,0.000,0.000,0.000,0.000,0.000,0.000,0.000,0.000,0.000,0.000,0.000,0.000,0.000,693.853,1350.833,1987.270,2637.482,3325.372,4026.927,4719.895,5392.648,6040.851,6663.818,7262.430,7838.184,8392.800,8928.088,9445.891,9948.074,10436.507,10913.061,11379.604,11837.990,12290.061,12737.640,13182.536,13626.539,14071.426,14518.960,14970.895,15428.979,15894.956,16370.574,16857.587,17357.756,17872.860,18404.695,18955.079,19525.859,20118.909,20736.140,21379.497,22050.966,22752.572,23486.381,24254.504,25059.092,25902.335,26786.463,27713.743,28686.476,29706.998,30777.678,31900.928,33079.215,34315.083,35611.208,36970.470,38396.086,39891.827,41462.368,43113.890,44855.119,46699.274,48668.062,50801.037,53181.580,56022.867,60000.000,60000.000,60000.000,60000.000,60000.000,60000.000,60000.000,60000.000,60000.000,60000.000,60000.000,60000.000,60000.000,60000.000,60000.000,60000.000,60000.000,60000.000,60000.000,60000.000,60000.000,60000.000,60000.000,60000.000,55745.874,52707.415,50161.813,47880.658,45774.474,43800.727,41936.024,40166.095,38481.521,36875.648,35343.477,33881.014,32484.896,31152.159,29880.088,28666.139,27507.882,26402.973,25349.136,24344.158,23385.885,22472.224,21601.142,20770.672,19978.912,19224.029,18504.258,17817.908,17163.354,16539.044,15943.495,15375.289,14833.077,14315.574,13821.557,13349.862,12899.383,12469.068,12057.921,11664.992,11289.380,10930.229,10586.727,10258.100,9943.614,9642.571,9354.305,9078.183,8813.603,8559.990,8316.795,8083.495,7859.589,7644.599,7438.065,7239.549,7048.627,6864.896,6687.962,6517.451,6352.999,6194.255,6040.879,5892.541,5748.920,5609.704,5474.590,5343.280,5215.483,5090.916,4969.298,4850.354,4733.814,4619.409,4506.876,4395.955,4286.385,4177.912,4070.282,3963.242,3856.544,3749.942,3643.190,3536.049,3428.284,3319.663,3209.963,3098.966,2986.469,2872.276,2756.212,2638.115,2517.853,2395.316,2270.432,2143.168,2013.542,1881.631,1747.585,1611.642,1474.148,1335.586,1196.615,1058.117,921.264,787.584,659.001,537.743,425.960,324.894,233.977,151.284,74.226,0.000,0.000,0.000,0.000,0.000,0.000,0.000,0.000,0.000,0.000,0.000,0.000,0.000,0.000,0.000,0.000,0.000,0.000,0.030,0.049,0.049,0.030,0.000
0.000,51.776,101.341,146.514,185.185,215.361,235.247,243.370,238.790,221.442,192.535,154.414,108.322,55.938,0.000,0.000,0.000,0.000,0.000,0.000,0.000,0.000,0.000,0.000,0.000,0.000,0.000,0.000,0.000,0.000,0.000,465.005,928.909,1415.695,1976.256,2670.091,3398.085,4113.110,4800.705,5458.719,6088.656,6692.766,7273.268,7832.233,8371.629,8893.375,9399.366,9891.494,10371.641,10841.686,11303.491,11758.910,12209.776,12657.913,13105.125,13553.209,14003.949,14459.128,14920.523,15389.916,15869.098,16359.870,16864.048,17383.475,17920.016,18475.572,19052.077,19651.507,20275.886,20927.284,21607.826,22319.693,23065.123,23846.415,24665.930,25526.086,26429.366,27378.309,28375.515,29423.638,30525.397,31683.574,32901.033,34180.745,35525.838,36939.680,38426.018,39989.209,41634.599,43369.151,45202.519,47148.914,49230.472,51483.369,53968.092,56779.279,60000.000,60000.000,60000.000,60000.000,60000.000,60000.000,60000.000,60000.000,60000.000,60000.000,60000.000,60000.000,60000.000,60000.000,60000.000,60000.000,60000.000,60000.000,60000.000,60000.000,60000.000,60000.000,60000.000,60000.000,56565.162,53568.527,50920.890,48520.677,46302.887,44228.582,42273.890,40423.467,38666.896,36996.687,35407.129,33893.610,32452.215,31079.472,29772.201,28527.422,27342.300,26214.111,25140.231,24118.120,23145.326,22219.479,21338.297,20499.581,19701.221,18941.196,18217.569,17528.494,16872.209,16247.036,15651.381,15083.725,14542.632,14026.734,13534.740,13065.421,12617.616,12190.223,11782.202,11392.563,11020.373,10664.745,10324.839,9999.859,9689.051,9391.698,9107.120,8834.671,8573.736,8323.732,8084.101,7854.314,7633.864,7422.269,7219.065,7023.811,6836.084,6655.476,6481.596,6314.068,6152.531,5996.634,5846.038,5700.418,5559.455,5422.840,5290.273,5161.462,5036.121,4913.970,4794.736,4678.148,4563.945,4451.864,4341.651,4233.053,4125.821,4019.710,3914.475,3809.878,3705.683,3601.656,3497.568,3393.197,3288.324,3182.736,3076.229,2968.610,2859.696,2749.316,2637.320,2523.575,2407.973,2290.437,2170.921,2049.422,1925.987,1800.719,1673.791,1545.460,1416.082,1286.135,1156.241,1027.201,900.013,775.894,656.239,542.498,435.897,337.028,245.506,160.081,78.943,0.000,0.000,0.000,0.000,0.000,0.000,0.000,0.000,0.000,0.000,0.000,0.000,0.000,0.000,0.000,0.000,0.000,0.000,0.016,0.026,0.026,0.016,0.000
0.000,41.014,80.109,115.393,145.038,167.320,180.681,183.838,176.014,157.481,130.750,101.865,70.299,35.997,0.000,0.000,0.000,0.000,0.000,0.000,0.000,0.000,0.000,0.000,0.000,0.000,0.000,0.000,0.000,0.000,0.000,237.285,484.148,770.417,1181.853,1980.789,2782.391,3533.978,4238.603,4904.961,5539.654,6147.081,6730.295,7291.675,7833.296,8357.118,8865.060,9359.028,9840.922,10312.632,10776.034,11232.991,11685.350,12134.944,12583.594,13033.110,13485.298,13941.961,14404.905,14875.944,15356.905,15849.632,16355.994,16877.889,17417.250,17976.051,18556.313,19160.109,19789.569,20446.888,21134.326,21854.216,22608.967,23401.067,24233.083,25107.667,26027.550,26995.547,28014.555,29087.549,30217.585,31407.806,32661.444,33981.846,35372.510,36837.151,38379.818,40005.074,41718.301,43526.180,45437.416,47463.848,49621.926,51934.166,54428.325,57126.217,60000.000,60000.000,60000.000,60000.000,60000.000,60000.000,60000.000,60000.000,60000.000,60000.000,60000.000,60000.000,60000.000,60000.000,60000.000,60000.000,60000.000,60000.000,60000.000,60000.000,60000.000,60000.000,60000.000,60000.000,56946.477,54080.995,51433.004,48978.826,46688.453,44537.537,42508.267,40587.828,38766.809,37038.028,35395.740,33835.126,32351.966,30942.436,29602.981,28330.241,27121.006,25972.193,24880.833,23844.067,22859.143,21923.416,21034.350,20189.516,19386.596,18623.377,17897.755,17207.729,16551.401,15926.970,15332.732,14767.074,14228.469,13715.477,13226.736,12760.958,12316.929,11893.502,11489.594,11104.182,10736.298,10385.029,10049.512,9728.931,9422.512,9129.525,8849.275,8581.106,8324.394,8078.547,7843.002,7617.225,7400.704,7192.955,6993.512,6801.933,6617.794,6440.687,6270.223,6106.027,5947.739,5795.012,5647.509,5504.908,5366.894,5233.163,5103.419,4977.374,4854.749,4735.268,4618.665,4504.678,4393.050,4283.528,4175.865,4069.818,3965.146,3861.615,3758.991,3657.049,3555.563,3454.315,3353.091,3251.681,3149.884,3047.505,2944.360,2840.272,2735.081,2628.637,2520.812,2411.496,2300.605,2188.082,2073.907,1958.097,1840.717,1721.887,1601.789,1480.683,1358.912,1236.923,1115.278,994.663,875.898,759.914,647.710,540.231,438.198,341.889,250.990,164.620,81.477,0.000,0.000,0.000,0.000,0.000,0.000,0.000,0.000,0.000,0.000,0.000,0.000,0.000,0.000,0.000,0.000,0.000,0.000,0.009,0.014,0.014,0.008,0.000
0.000,32.173,62.688,89.911,112.255,128.202,136.321,135.287,123.946,101.721,71.117,51.999,35.012,17.752,0.000,0.000,0.000,0.000,0.000,0.000,0.000,0.000,0.000,0.000,0.000,0.000,0.000,0.000,0.000,0.000,0.000,0.000,0.000,0.000,0.000,1288.929,2216.864,3002.001,3715.002,4383.140,5018.228,5625.950,6209.534,6771.287,7313.207,7837.218,8345.235,8839.175,9320.954,9792.479,10255.641,10712.316,11164.359,11613.614,12061.913,12511.079,12962.931,13419.292,13881.990,14352.864,14833.775,15326.604,15833.264,16355.706,16895.924,17455.959,18037.914,18643.951,19276.305,19937.287,20629.289,21354.794,22116.378,22916.714,23758.577,24644.848,25578.511,26562.656,27600.477,28695.269,29850.425,31069.435,32355.881,33713.449,35145.939,36657.301,38251.694,39933.590,41707.933,43580.378,45557.589,47647.540,49859.551,52203.291,54684.979,57297.313,60000.000,60000.000,60000.000,60000.000,60000.000,60000.000,60000.000,60000.000,60000.000,60000.000,60000.000,60000.000,60000.000,60000.000,60000.000,60000.000,60000.000,60000.000,60000.000,60000.000,60000.000,60000.000,60000.000,60000.000,57139.942,54376.276,51751.708,49273.664,46935.141,44725.497,42634.532,40653.549,38775.320,36993.762,35303.613,33700.168,32179.109,30736.385,29368.142,28070.683,26840.449,25674.008,24568.055,23519.411,22525.024,21581.974,20687.470,19838.856,19033.602,18269.309,17543.706,16854.640,16200.080,15578.105,14986.906,14424.777,13890.110,13381.391,12897.193,12436.174,11997.072,11578.696,11179.925,10799.704,10437.039,10090.992,9760.678,9445.264,9143.962,8856.028,8580.758,8317.486,8065.582,7824.447,7593.516,7372.249,7160.135,6956.685,6761.436,6573.945,6393.788,6220.560,6053.873,5893.356,5738.651,5589.414,5445.313,5306.029,5171.252,5040.684,4914.032,4791.017,4671.362,4554.801,4441.073,4329.923,4221.102,4114.366,4009.475,3906.195,3804.298,3703.556,3603.749,3504.661,3406.080,3307.801,3209.622,3111.351,3012.799,2913.789,2814.153,2713.733,2612.384,2509.979,2406.406,2301.575,2195.420,2087.904,1979.022,1868.806,1757.332,1644.727,1531.171,1416.914,1302.275,1187.655,1073.540,960.504,849.198,740.328,634.600,532.638,434.871,341.415,251.997,165.964,82.354,0.000,0.000,0.000,0.000,0.000,0.000,0.000,0.000,0.000,0.000,0.000,0.000,0.000,0.000,0.000,0.000,0.000,0.000,0.004,0.007,0.007,0.004,0.000
0.000,24.989,48.559,69.308,85.869,96.912,101.113,97.045,82.763,54.339,0.000,0.000,0.000,0.000,0.000,0.000,0.000,0.000,0.000,0.000,0.000,0.000,0.000,0.000,0.000,0.000,0.000,0.000,0.000,0.000,0.000,0.000,0.000,0.000,0.000,958.148,1794.264,2542.329,3236.472,3894.612,4524.449,5129.274,5710.957,6271.115,6811.443,7333.760,7839.963,8331.987,8811.774,9281.251,9742.325,10196.883,10646.792,11093.900,11540.047,11987.062,12436.778,12891.027,13351.655,13820.522,14299.515,14790.546,15295.568,15816.576,16355.616,16914.795,17496.285,18102.336,18735.278,19397.532,20091.618,20820.162,21585.903,22391.696,23240.522,24135.488,25079.831,26076.919,27130.246,28243.427,29420.196,30664.390,31979.936,33370.844,34841.181,36395.071,38036.683,39770.232,41599.992,43530.288,45565.442,47709.535,49965.737,52334.684,54811.119,57378.097,60000.000,60000.000,60000.000,60000.000,60000.000,60000.000,60000.000,60000.000,60000.000,60000.000,60000.000,60000.000,60000.000,60000.000,60000.000,60000.000,60000.000,60000.000,60000.000,60000.000,60000.000,60000.000,60000.000,60000.000,57237.181,54532.727,51924.250,49429.426,47053.473,44795.372,42651.476,40617.237,38687.935,36858.917,35125.656,33483.744,31928.878,30456.852,29063.552,27744.966,26497.194,25316.460,24199.120,23141.672,22140.765,21193.202,20295.939,19446.088,18640.916,17877.838,17154.417,16468.356,15817.493,15199.794,14613.350,14056.366,13527.156,13024.140,12545.832,12090.841,11657.857,11245.653,10853.076,10479.042,10122.532,9782.588,9458.310,9148.848,8853.403,8571.222,8301.591,8043.841,7797.336,7561.474,7335.686,7119.434,6912.203,6713.509,6522.886,6339.895,6164.114,5995.141,5832.592,5676.098,5525.306,5379.876,5239.483,5103.810,4972.554,4845.422,4722.129,4602.400,4485.966,4372.568,4261.951,4153.868,4048.079,3944.347,3842.442,3742.140,3643.220,3545.467,3448.671,3352.626,3257.134,3162.000,3067.038,2972.066,2876.913,2781.416,2685.420,2588.785,2491.382,2393.100,2293.842,2193.534,2092.127,1989.595,1885.945,1781.219,1675.497,1568.905,1461.616,1353.860,1245.923,1138.157,1030.971,924.835,820.259,717.769,617.868,520.969,427.329,336.975,249.671,164.916,81.985,0.000,0.000,0.000,0.000,0.000,0.000,0.000,0.000,0.000,0.000,0.000,0.000,0.000,0.000,0.000,0.000,0.000,0.000,0.002,0.003,0.003,0.002,0.000
0.000,19.225,37.250,52.893,65.003,72.463,74.176,69.016,55.723,32.871,0.000,0.000,0.000,0.000,0.000,0.000,0.000,0.000,0.000,0.000,0.000,0.000,0.000,0.000,0.000,0.000,0.000,0.000,0.000,0.000,0.000,0.000,0.000,0.000,0.000,749.469,1459.823,2136.726,2794.129,3434.610,4055.938,4656.029,5234.231,5791.130,6328.079,6846.833,7349.317,7837.514,8313.408,8778.954,9236.080,9686.680,10132.627,10575.772,11017.956,11461.012,11906.774,12357.084,12813.797,13278.789,13753.964,14241.260,14742.659,15260.196,15795.963,16352.120,16930.906,17534.644,18165.756,18826.765,19520.310,20249.156,21016.194,21824.460,22677.135,23577.553,24529.201,25535.726,26600.926,27728.750,28923.277,30188.705,31529.323,32949.473,34453.506,36045.723,37730.301,39511.192,41391.999,43375.777,45464.739,47659.746,49959.437,52358.777,54846.833,57403.992,60000.000,60000.000,60000.000,60000.000,60000.000,60000.000,60000.000,60000.000,60000.000,60000.000,60000.000,60000.000,60000.000,60000.000,60000.000,60000.000,60000.000,60000.000,60000.000,60000.000,60000.000,60000.000,60000.000,60000.000,57276.204,54593.436,51983.464,49466.721,47054.430,44751.591,42559.370,40476.657,38500.989,36629.087,34857.168,33181.134,31596.710,30099.532,28685.221,27349.440,26087.938,24896.582,23771.380,22708.504,21704.299,20755.286,19858.169,19009.834,18207.343,17447.932,16729.004,16048.121,15402.999,14791.497,14211.610,13661.462,13139.297,12643.474,12172.455,11724.802,11299.168,10894.292,10508.992,10142.163,9792.765,9459.825,9142.429,8839.716,8550.878,8275.156,8011.834,7760.235,7519.723,7289.696,7069.585,6858.851,6656.983,6463.497,6277.932,6099.852,5928.838,5764.493,5606.438,5454.308,5307.756,5166.447,5030.061,4898.289,4770.834,4647.407,4527.733,4411.541,4298.572,4188.572,4081.295,3976.503,3873.963,3773.447,3674.734,3577.609,3481.862,3387.287,3293.684,3200.861,3108.628,3016.805,2925.216,2833.694,2742.080,2650.224,2557.986,2465.240,2371.871,2277.780,2182.886,2087.128,1990.465,1892.884,1794.399,1695.055,1594.933,1494.153,1392.875,1291.305,1189.695,1088.345,987.594,887.821,789.421,692.786,598.274,506.160,416.593,329.558,244.849,162.073,80.679,0.000,0.000,0.000,0.000,0.000,0.000,0.000,0.000,0.000,0.000,0.000,0.000,0.000,0.000,0.000,0.000,0.000,0.000,0.001,0.001,0.001,0.001,0.000
0.000,14.660,28.323,40.013,48.788,53.761,54.112,49.120,38.243,21.422,0.000,0.000,0.000,0.000,0.000,0.000,0.000,0.000,0.000,0.000,0.000,0.000,0.000,0.000,0.000,0.000,0.000,0.000,0.000,0.000,0.000,0.000,0.000,0.000,0.000,579.962,1158.921,1750.750,2368.870,2993.955,3608.897,4204.939,4779.105,5331.424,5863.273,6376.565,6873.376,7355.792,7825.862,8285.577,8736.882,9181.676,9621.831,10059.195,10495.602,10932.883,11372.869,11817.402,12268.341,12727.568,13196.999,13678.590,14174.346,14686.329,15216.670,15767.574,16341.337,16940.349,17567.109,18224.236,18914.480,19640.730,20406.030,21213.584,22066.769,22969.141,23924.439,24936.590,26009.706,27148.073,28356.142,29638.497,30999.821,32444.837,33978.236,35604.573,37328.128,39152.723,41081.477,43116.479,45258.338,47505.563,49853.720,52294.325,54813.545,57391.070,60000.000,60000.000,60000.000,60000.000,60000.000,60000.000,60000.000,60000.000,60000.000,60000.000,60000.000,60000.000,60000.000,60000.000,60000.000,60000.000,60000.000,60000.000,60000.000,60000.000,60000.000,60000.000,60000.000,60000.000,57274.331,54581.563,51949.742,49399.932,46946.370,44597.691,42358.318,40229.648,38210.946,36299.994,34493.557,32787.721,31178.140,29660.225,28229.274,26880.583,25609.513,24411.551,23282.343,22217.719,21213.714,20266.567,19372.730,18528.865,17731.835,16978.702,16266.717,15593.310,14956.080,14352.788,13781.342,13239.794,12726.324,12239.237,11776.950,11337.984,10920.963,10524.598,10147.684,9789.099,9447.787,9122.764,8813.107,8517.948,8236.475,7967.926,7711.581,7466.766,7232.844,7009.214,6795.311,6590.598,6394.569,6206.743,6026.665,5853.903,5688.043,5528.696,5375.486,5228.057,5086.066,4949.186,4817.103,4689.516,4566.134,4446.676,4330.874,4218.465,4109.197,4002.824,3899.111,3797.825,3698.742,3601.645,3506.321,3412.565,3320.176,3228.958,3138.724,3049.289,2960.477,2872.118,2784.048,2696.113,2608.164,2520.066,2431.691,2342.924,2253.663,2163.821,2073.329,1982.133,1890.205,1797.536,1704.145,1610.078,1515.411,1420.256,1324.758,1229.097,1133.490,1038.188,943.472,849.641,757.000,665.842,576.419,488.917,403.419,319.887,238.144,157.880,78.668,0.000,0.000,0.000,0.000,0.000,0.000,0.000,0.000,0.000,0.000,0.000,0.000,0.000,0.000,0.000,0.000,0.000,0.000,0.000,0.000,0.000,0.000,0.000
0.000,11.091,21.370,30.047,36.375,39.681,39.393,35.110,26.707,14.575,0.000,0.000,0.000,0.000,0.000,0.000,0.000,0.000,0.000,0.000,0.000,0.000,0.000,0.000,0.000,0.000,0.000,0.000,0.000,0.000,0.000,0.000,0.000,0.000,0.000,411.502,845.221,1338.584,1936.782,2563.616,3180.966,3775.966,4346.100,4892.491,5417.360,5923.144,6412.221,6886.835,7349.113,7801.080,8244.685,8681.826,9114.362,9544.130,9972.951,10402.643,10835.029,11271.942,11715.238,12166.799,12628.543,13102.436,13590.496,14094.805,14617.521,15160.887,15727.241,16319.031,16938.824,17589.322,18273.373,18993.985,19754.339,20557.800,21407.934,22308.512,23263.524,24277.179,25353.907,26498.355,27715.364,29009.943,30387.225,31852.391,33410.575,35066.722,36825.398,38690.539,40665.112,42750.687,44946.885,47250.711,49655.765,52151.410,54722.041,57346.775,60000.000,60000.000,60000.000,60000.000,60000.000,60000.000,60000.000,60000.000,60000.000,60000.000,60000.000,60000.000,60000.000,60000.000,60000.000,60000.000,60000.000,60000.000,60000.000,60000.000,60000.000,60000.000,60000.000,60000.000,57239.674,54508.935,51834.273,49237.228,46733.828,44334.946,42047.081,39873.243,37813.775,35867.054,34030.058,32298.804,30668.697,29134.779,27691.928,26334.994,25058.899,23858.712,22729.690,21667.309,20667.284,19725.571,18838.373,18002.129,17213.513,16469.423,15766.964,15103.444,14476.357,13883.374,13322.328,12791.206,12288.133,11811.370,11359.295,10930.401,10523.283,10136.634,9769.234,9419.945,9087.704,8771.521,8470.467,8183.673,7910.326,7649.663,7400.967,7163.567,6936.829,6720.158,6512.991,6314.800,6125.082,5943.364,5769.197,5602.154,5441.832,5287.846,5139.828,4997.429,4860.315,4728.166,4600.676,4477.551,4358.508,4243.276,4131.592,4023.204,3917.866,3815.344,3715.407,3617.835,3522.411,3428.928,3337.182,3246.976,3158.121,3070.432,2983.729,2897.840,2812.599,2727.847,2643.431,2559.208,2475.041,2390.806,2306.386,2221.678,2136.589,2051.044,1964.981,1878.357,1791.147,1703.348,1614.980,1526.088,1436.743,1347.045,1257.121,1167.127,1077.249,987.693,898.688,810.469,723.272,637.315,552.776,469.780,388.370,308.496,230.010,152.663,76.124,0.000,0.000,0.000,0.000,0.000,0.000,0.000,0.000,0.000,0.000,0.000,0.000,0.000,0.000,0.000,0.000,0.000,0.000,0.000,0.000,0.000,0.000,0.000
0.000,8.335,16.020,22.429,26.986,29.193,28.671,25.218,18.900,10.171,0.000,0.000,0.000,0.000,0.000,0.000,0.000,0.000,0.000,0.000,0.000,0.000,0.000,0.000,0.000,0.000,0.000,0.000,0.000,0.000,0.000,0.000,0.000,0.000,0.000,220.854,471.928,821.660,1476.171,2142.911,2775.568,3372.075,3937.090,4475.361,4990.840,5486.770,5965.891,6430.605,6883.091,7325.381,7759.413,8187.062,8610.165,9030.534,9449.968,9870.267,10293.234,10720.689,11154.474,11596.463,12048.569,12512.756,12991.047,13485.534,13998.391,14531.885,15088.388,15670.392,16280.520,16921.542,17596.393,18308.185,19060.222,19856.022,20699.326,21594.114,22544.620,23555.336,24631.020,25776.691,26997.612,28299.266,29687.303,31167.462,32745.458,34426.817,36216.648,38119.332,40138.118,42274.601,44528.091,46894.870,49367.408,51933.645,54576.519,57274.014,60000.000,60000.000,60000.000,60000.000,60000.000,60000.000,60000.000,60000.000,60000.000,60000.000,60000.000,60000.000,60000.000,60000.000,60000.000,60000.000,60000.000,60000.000,60000.000,60000.000,60000.000,60000.000,60000.000,60000.000,57175.538,54380.406,51641.431,48981.184,46417.134,43961.608,41622.296,39402.996,37304.432,35325.011,33461.478,31709.444,30063.803,28519.040,27069.470,25709.398,24433.240,23235.596,22111.307,21055.478,20063.497,19131.036,18254.052,17428.772,16651.691,15919.548,15229.320,14578.205,13963.601,13383.104,12834.480,12315.663,11824.736,11359.921,10919.572,10502.156,10106.253,9730.542,9373.793,9034.863,8712.687,8406.271,8114.687,7837.069,7572.607,7320.543,7080.166,6850.809,6631.846,6422.689,6222.784,6031.608,5848.668,5673.498,5505.659,5344.733,5190.324,5042.056,4899.570,4762.525,4630.597,4503.474,4380.858,4262.465,4148.021,4037.262,3929.936,3825.799,3724.614,3626.155,3530.203,3436.543,3344.971,3255.288,3167.299,3080.818,2995.665,2911.664,2828.647,2746.451,2664.922,2583.909,2503.271,2422.875,2342.597,2262.320,2181.938,2101.359,2020.498,1939.289,1857.678,1775.627,1693.116,1610.145,1526.733,1442.923,1358.777,1274.384,1189.855,1105.323,1020.942,936.883,853.329,770.467,688.475,607.517,527.720,449.164,371.870,295.786,220.784,146.666,73.174,0.000,0.000,0.000,0.000,0.000,0.000,0.000,0.000,0.000,0.000,0.000,0.000,0.000,0.000,0.000,0.000,0.000,0.000,0.000,0.000,0.000,0.000,0.000
0.000,6.228,11.946,16.665,19.948,21.435,20.879,18.193,13.504,7.209,0.000,0.000,0.000,0.000,0.000,0.000,0.000,0.000,0.000,0.000,0.000,0.000,0.000,0.000,0.000,0.000,0.000,0.000,0.000,0.000,0.000,0.000,0.000,0.000,0.000,0.000,0.000,0.000,1003.417,1756.418,2406.484,2999.875,3555.049,4081.281,4584.154,5067.516,5534.306,5986.966,6427.651,6858.350,7280.954,7697.297,8109.173,8518.361,8926.629,9335.746,9747.491,10163.660,10586.075,11016.591,11457.106,11909.575,12376.013,12858.512,13359.251,13880.507,14424.674,14994.271,15591.964,16220.579,16883.117,17582.780,18322.983,19107.376,19939.862,20824.621,21766.118,22769.127,23838.735,24980.349,26199.684,27502.744,28895.774,30385.188,31977.445,33678.881,35495.455,37432.401,39493.766,41681.812,43996.269,46433.486,48985.525,51639.368,54376.448,57172.788,60000.000,60000.000,60000.000,60000.000,60000.000,60000.000,60000.000,60000.000,60000.000,60000.000,60000.000,60000.000,60000.000,60000.000,60000.000,60000.000,60000.000,60000.000,60000.000,60000.000,60000.000,60000.000,60000.000,60000.000,57082.169,54195.879,51370.081,48629.225,45992.250,43472.447,41077.940,38812.502,36676.479,34667.655,32782.014,31014.345,29358.717,27808.830,26358.265,25000.670,23729.872,22539.958,21425.320,20380.676,19401.086,18481.941,17618.958,16808.167,16045.892,15328.734,14653.554,14017.452,13417.750,12851.978,12317.852,11813.264,11336.265,10885.054,10457.964,10053.452,9670.088,9306.545,8961.594,8634.090,8322.971,8027.249,7746.000,7478.367,7223.546,6980.789,6749.393,6528.701,6318.097,6117.003,5924.875,5741.200,5565.497,5397.310,5236.210,5081.788,4933.658,4791.457,4654.834,4523.459,4397.017,4275.206,4157.739,4044.340,3934.745,3828.701,3725.964,3626.299,3529.481,3435.292,3343.521,3253.966,3166.430,3080.723,2996.662,2914.071,2832.777,2752.617,2673.431,2595.067,2517.379,2440.229,2363.484,2287.023,2210.729,2134.496,2058.227,1981.838,1905.254,1828.414,1751.271,1673.792,1595.960,1517.776,1439.258,1360.443,1281.388,1202.169,1122.880,1043.634,964.558,885.792,807.483,729.775,652.807,576.700,501.543,427.390,354.245,282.056,210.719,140.073,69.913,0.000,0.000,0.000,0.000,0.000,0.000,0.000,0.000,0.000,0.000,0.000,0.000,0.000,0.000,0.000,0.000,0.000,0.000,0.000,0.000,0.000,0.000,0.000
0.000,4.633,8.870,12.338,14.707,15.720,15.218,13.172,9.715,5.160,0.000,0.000,0.000,0.000,0.000,0.000,0.000,0.000,0.000,0.000,0.000,0.000,0.000,0.000,0.000,0.000,0.000,0.000,0.000,0.000,0.000,0.000,0.000,0.000,0.000,0.000,0.000,0.000,781.152,1472.970,2094.218,2666.067,3202.157,3710.793,4197.242,4665.121,5117.165,5555.638,5982.555,6399.793,6809.160,7212.418,7611.310,8007.566,8402.914,8799.087,9197.829,9600.904,10010.105,10427.260,10854.244,11292.989,11745.492,12213.832,12700.179,13206.811,13736.124,14290.654,14873.090,15486.293,16133.319,16817.437,17542.152,18311.228,19128.714,19998.967,20926.674,21916.877,22974.991,24106.818,25318.547,26616.749,28008.341,29500.525,31100.685,32816.214,34654.265,36621.394,38723.047,40962.887,43341.926,45857.478,48501.993,51261.967,54117.186,57040.711,60000.000,60000.000,60000.000,60000.000,60000.000,60000.000,60000.000,60000.000,60000.000,60000.000,60000.000,60000.000,60000.000,60000.000,60000.000,60000.000,60000.000,60000.000,60000.000,60000.000,60000.000,60000.000,60000.000,60000.000,56957.348,53951.008,51013.991,48173.639,45450.503,42858.348,40404.919,38093.045,35921.819,33887.650,31985.149,30207.813,28548.533,26999.967,25554.791,24205.873,22946.375,21769.823,20670.137,19641.643,18679.070,17777.541,16932.547,16139.936,15395.880,14696.861,14039.639,13421.238,12838.920,12290.163,11772.651,11284.247,10822.985,10387.050,9974.768,9584.592,9215.096,8864.954,8532.944,8217.930,7918.858,7634.750,7364.696,7107.847,6863.416,6630.664,6408.902,6197.488,5995.818,5803.326,5619.481,5443.785,5275.768,5114.987,4961.024,4813.484,4671.993,4536.197,4405.759,4280.360,4159.695,4043.474,3931.420,3823.269,3718.765,3617.667,3519.741,3424.763,3332.516,3242.793,3155.394,3070.125,2986.800,2905.239,2825.269,2746.723,2669.438,2593.260,2518.041,2443.637,2369.914,2296.740,2223.996,2151.565,2079.344,2007.232,1935.144,1863.001,1790.735,1718.293,1645.632,1572.721,1499.548,1426.113,1352.431,1278.536,1204.475,1130.315,1056.134,982.026,908.097,834.458,761.226,688.517,616.434,545.066,474.479,404.706,335.741,267.538,200.008,133.021,66.414,0.000,0.000,0.000,0.000,0.000,0.000,0.000,0.000,0.000,0.000,0.000,0.000,0.000,0.000,0.000,0.000,0.000,0.000,0.000,0.000,0.000,0.000,0.000
0.000,3.433,6.564,9.108,10.821,11.520,11.101,9.563,7.022,3.718,0.000,0.000,0.000,0.000,0.000,0.000,0.000,0.000,0.000,0.000,0.000,0.000,0.000,0.000,0.000,0.000,0.000,0.000,0.000,0.000,0.000,0.000,0.000,0.000,0.000,0.000,0.000,0.000,648.280,1260.186,1831.480,2368.174,2876.904,3362.706,3829.138,4278.825,4713.882,5136.178,5547.469,5949.463,6343.846,6732.297,7116.491,7498.104,7878.816,8260.315,8644.304,9032.507,9426.677,9828.608,10240.139,10663.170,11099.668,11551.685,12021.372,12510.987,13022.915,13559.691,14124.008,14718.746,15346.990,16012.056,16717.515,17467.222,18265.346,19116.397,20025.262,20997.234,22038.042,23153.877,24351.415,25637.824,27020.755,28508.308,30108.953,31831.394,33684.344,35676.180,37814.424,40105.014,42551.290,45152.685,47903.143,50789.424,53789.676,56872.891,60000.000,60000.000,60000.000,60000.000,60000.000,60000.000,60000.000,60000.000,60000.000,60000.000,60000.000,60000.000,60000.000,60000.000,60000.000,60000.000,60000.000,60000.000,60000.000,60000.000,60000.000,60000.000,60000.000,60000.000,56796.295,53636.947,50561.420,47601.073,44778.056,42105.853,39590.714,37233.356,35030.556,32976.470,31063.649,29283.785,27628.227,26088.337,24655.713,23322.333,22080.634,20923.546,19844.508,18837.453,17896.797,17017.406,16194.572,15423.980,14701.678,14024.046,13387.773,12789.822,12227.415,11698.002,11199.246,10729.001,10285.295,9866.314,9470.390,9095.985,8741.681,8406.168,8088.236,7786.766,7500.720,7229.137,6971.122,6725.847,6492.539,6270.479,6058.993,5857.455,5665.280,5481.916,5306.849,5139.596,4979.701,4826.737,4680.300,4540.009,4405.503,4276.441,4152.499,4033.372,3918.765,3808.402,3702.016,3599.355,3500.176,3404.246,3311.344,3221.256,3133.776,3048.708,2965.860,2885.051,2806.103,2728.848,2653.122,2578.766,2505.631,2433.570,2362.445,2292.122,2222.476,2153.385,2084.738,2016.428,1948.359,1880.441,1812.593,1744.745,1676.835,1608.815,1540.646,1472.301,1403.767,1335.046,1266.149,1197.106,1127.956,1058.756,989.570,920.477,851.563,782.916,714.631,646.796,579.490,512.781,446.713,381.306,316.551,252.406,188.795,125.613,62.731,0.000,0.000,0.000,0.000,0.000,0.000,0.000,0.000,0.000,0.000,0.000,0.000,0.000,0.000,0.000,0.000,0.000,0.000,0.000,0.000,0.000,0.000,0.000
0.000,2.537,4.844,6.709,7.951,8.438,8.104,6.957,5.093,2.691,0.000,0.000,0.000,0.000,0.000,0.000,0.000,0.000,0.000,0.000,0.000,0.000,0.000,0.000,0.000,0.000,0.000,0.000,0.000,0.000,0.000,0.000,0.000,0.000,0.000,0.000,0.000,0.000,551.833,1088.098,1603.453,2098.386,2574.749,3034.181,3477.999,3907.400,4323.624,4728.009,5121.988,5507.068,5884.808,6256.794,6624.632,6989.939,7354.342,7719.478,8087.002,8458.590,8835.950,9220.827,9615.016,10020.371,10438.820,10872.374,11323.146,11793.360,12285.377,12801.706,13345.028,13918.215,14524.360,15166.800,15849.144,16575.310,17349.554,18176.511,19061.234,20009.236,21026.533,22119.688,23295.853,24562.801,25928.954,27403.385,28995.790,30716.407,32575.855,34584.846,36753.716,39091.684,41605.731,44298.993,47168.598,50203.001,53379.261,56661.195,60000.000,60000.000,60000.000,60000.000,60000.000,60000.000,60000.000,60000.000,60000.000,60000.000,60000.000,60000.000,60000.000,60000.000,60000.000,60000.000,60000.000,60000.000,60000.000,60000.000,60000.000,60000.000,60000.000,60000.000,56590.958,53239.189,49993.838,46891.390,43955.055,41196.595,38619.070,36219.491,33990.999,31924.478,30009.679,28235.969,26592.803,25070.017,23657.992,22347.741,21130.932,19999.893,18947.587,17967.577,17053.987,16201.461,15405.117,14660.510,13963.592,13310.674,12698.393,12123.683,11583.745,11076.022,10598.176,10148.067,9723.736,9323.384,8945.360,8588.146,8250.347,7930.674,7627.942,7341.054,7068.996,6810.830,6565.685,6332.755,6111.289,5900.588,5700.002,5508.925,5326.790,5153.065,4987.256,4828.895,4677.545,4532.796,4394.260,4261.570,4134.383,4012.371,3895.226,3782.653,3674.375,3570.125,3469.651,3372.713,3279.080,3188.531,3100.856,3015.852,2933.326,2853.090,2774.965,2698.779,2624.366,2551.567,2480.228,2410.202,2341.348,2273.529,2206.617,2140.487,2075.022,2010.112,1945.652,1881.545,1817.703,1754.041,1690.489,1626.979,1563.459,1499.882,1436.214,1372.431,1308.520,1244.481,1180.325,1116.075,1051.764,987.439,923.155,858.974,794.965,731.202,667.757,604.698,542.088,479.974,418.389,357.342,296.823,236.793,177.191,117.930,58.906,0.000,0.000,0.000,0.000,0.000,0.000,0.000,0.000,0.000,0.000,0.000,0.000,0.000,0.000,0.000,0.000,0.000,0.000,0.000,0.000,0.000,0.000,0.000
0.000,1.870,3.567,4.933,5.835,6.178,5.918,5.069,3.703,1.954,0.000,0.000,0.000,0.000,0.000,0.000,0.000,0.000,0.000,0.000,0.000,0.000,0.000,0.000,0.000,0.000,0.000,0.000,0.000,0.000,0.000,0.000,0.000,0.000,0.000,0.000,0.000,0.000,470.999,936.991,1395.946,1847.293,2289.672,2721.446,3141.473,3549.371,3945.447,4330.507,4705.686,5072.315,5431.841,5785.774,6135.655,6483.044,6829.512,7176.644,7526.039,7879.318,8238.131,8604.169,8979.170,9364.932,9763.326,10176.312,10605.946,11054.407,11524.006,12017.210,12536.662,13085.208,13665.917,14282.118,14937.429,15635.792,16381.516,17179.318,18034.378,18952.384,19939.596,21002.908,22149.911,23388.962,24729.247,26180.842,27754.749,29462.901,31318.109,33333.896,35524.149,37902.486,40481.135,43269.109,46269.371,49474.807,52863.221,56392.643,60000.000,60000.000,60000.000,60000.000,60000.000,60000.000,60000.000,60000.000,60000.000,60000.000,60000.000,60000.000,60000.000,60000.000,60000.000,60000.000,60000.000,60000.000,60000.000,60000.000,60000.000,60000.000,60000.000,60000.000,56328.415,52735.125,49283.506,46015.792,42954.413,40106.679,37469.794,35034.888,32789.854,30721.179,28815.069,27058.087,25437.504,23941.466,22559.056,21280.285,20096.061,18998.129,17979.012,17031.939,16150.789,15330.023,14564.628,13850.070,13182.237,12557.405,11972.194,11423.533,10908.630,10424.942,9970.152,9542.147,9138.994,8758.926,8400.323,8061.701,7741.696,7439.053,7152.619,6881.327,6624.196,6380.317,6148.849,5929.012,5720.084,5521.393,5332.311,5152.258,4980.689,4817.097,4661.006,4511.970,4369.572,4233.420,4103.143,3978.395,3858.847,3744.188,3634.124,3528.377,3426.684,3328.792,3234.463,3143.469,3055.593,2970.626,2888.370,2808.635,2731.237,2656.001,2582.761,2511.353,2441.623,2373.422,2306.605,2241.038,2176.587,2113.126,2050.536,1988.703,1927.517,1866.878,1806.688,1746.860,1687.310,1627.964,1568.756,1509.626,1450.524,1391.410,1332.251,1273.026,1213.722,1154.339,1094.884,1035.377,975.844,916.323,856.860,797.506,738.315,679.346,620.656,562.298,504.318,446.753,389.623,332.933,276.672,220.806,165.283,110.032,54.969,0.000,0.000,0.000,0.000,0.000,0.000,0.000,0.000,0.000,0.000,0.000,0.000,0.000,0.000,0.000,0.000,0.000,0.000,0.000,0.000,0.000,0.000,0.000
0.000,1.375,2.622,3.622,4.278,4.521,4.323,3.696,2.696,1.421,0.000,0.000,0.000,0.000,0.000,0.000,0.000,0.000,0.000,0.000,0.000,0.000,0.000,0.000,0.000,0.000,0.000,0.000,0.000,0.000,0.000,0.000,0.000,0.000,0.000,0.000,0.000,0.000,395.209,792.982,1196.134,1605.277,2015.334,2420.614,2817.253,3203.364,3578.505,3943.126,4298.189,4644.937,4984.758,5319.112,5649.490,5977.403,6304.367,6631.907,6961.563,7294.892,7633.480,7978.950,8332.972,8697.276,9073.665,9464.028,9870.354,10294.753,10739.470,11206.908,11699.648,12220.480,12772.424,13358.767,13983.099,14649.346,15361.825,16125.290,16944.989,17826.730,18776.954,19802.820,20912.292,22114.243,23418.570,24836.310,26379.766,28062.623,29900.049,31908.718,34106.713,36513.164,39147.378,42027.070,45165.076,48563.712,52206.216,56046.172,60000.000,60000.000,60000.000,60000.000,60000.000,60000.000,60000.000,60000.000,60000.000,60000.000,60000.000,60000.000,60000.000,60000.000,60000.000,60000.000,60000.000,60000.000,60000.000,60000.000,60000.000,60000.000,60000.000,60000.000,55987.638,52089.491,48389.408,44934.038,41740.340,38806.165,36118.825,33660.733,31412.699,29355.698,27471.741,25744.242,24158.122,22699.776,21356.990,20118.815,18975.450,17918.123,16938.980,16030.986,15187.830,14403.849,13673.954,12993.565,12358.554,11765.200,11210.140,10690.328,10203.010,9745.681,9316.069,8912.105,8531.903,8173.742,7836.050,7517.387,7216.432,6931.976,6662.905,6408.194,6166.899,5938.148,5721.135,5515.115,5319.395,5133.336,4956.340,4787.851,4627.354,4474.366,4328.434,4189.137,4056.078,3928.887,3807.214,3690.729,3579.124,3472.104,3369.394,3270.731,3175.866,3084.563,2996.599,2911.758,2829.838,2750.643,2673.988,2599.693,2527.589,2457.513,2389.308,2322.822,2257.913,2194.441,2132.274,2071.284,2011.351,1952.356,1894.191,1836.750,1779.933,1723.647,1667.803,1612.321,1557.126,1502.149,1447.330,1392.615,1337.959,1283.324,1228.682,1174.012,1119.303,1064.552,1009.765,954.956,900.149,845.374,790.666,736.067,681.622,627.375,573.372,519.653,466.254,413.200,360.506,308.174,256.190,204.525,153.136,101.966,50.946,0.000,0.000,0.000,0.000,0.000,0.000,0.000,0.000,0.000,0.000,0.000,0.000,0.000,0.000,0.000,0.000,0.000,0.000,0.000,0.000,0.000,0.000,0.000
0.000,1.010,1.925,2.656,3.133,3.307,3.158,2.697,1.965,1.035,0.000,0.000,0.000,0.000,0.000,0.000,0.000,0.000,0.000,0.000,0.000,0.000,0.000,0.000,0.000,0.000,0.000,0.000,0.000,0.000,0.000,0.000,0.000,0.000,0.000,0.000,0.000,0.000,316.885,643.648,990.403,1362.443,1745.887,2128.563,2503.717,2868.506,3222.281,3565.517,3899.240,4224.737,4543.408,4856.703,5166.085,5473.017,5778.962,6085.384,6393.754,6705.558,7022.307,7345.546,7676.867,8017.917,8370.418,8736.173,9117.086,9515.181,9932.616,10371.706,10834.948,11325.044,11844.935,12397.832,12987.251,13617.063,14291.540,15015.413,15793.935,16632.960,17539.030,18519.474,19582.528,20737.472,21994.790,23366.355,24865.656,26508.035,28310.983,30294.429,32481.017,34896.253,37568.288,40526.839,43800.245,47408.818,51351.802,55585.840,60000.000,60000.000,60000.000,60000.000,60000.000,60000.000,60000.000,60000.000,60000.000,60000.000,60000.000,60000.000,60000.000,60000.000,60000.000,60000.000,60000.000,60000.000,60000.000,60000.000,60000.000,60000.000,60000.000,60000.000,55532.703,51245.883,47250.724,43590.775,40266.941,37259.043,34538.867,32076.810,29844.830,27817.519,25972.328,24289.418,22751.386,21342.973,20050.779,18863.020,17769.305,16760.455,15828.340,14965.749,14166.265,13424.174,12734.370,12092.288,11493.833,10935.330,10413.472,9925.277,9468.052,9039.363,8637.004,8258.971,7903.446,7568.770,7253.432,6956.049,6675.359,6410.205,6159.523,5922.339,5697.752,5484.934,5283.122,5091.608,4909.738,4736.906,4572.547,4416.139,4267.193,4125.256,3989.903,3860.736,3737.384,3619.499,3506.752,3398.836,3295.460,3196.352,3101.251,3009.913,2922.106,2837.610,2756.216,2677.726,2601.948,2528.703,2457.817,2389.126,2322.471,2257.701,2194.672,2133.243,2073.283,2014.663,1957.261,1900.961,1845.650,1791.222,1737.576,1684.614,1632.248,1580.390,1528.962,1477.889,1427.104,1376.543,1326.154,1275.887,1225.701,1175.562,1125.443,1075.326,1025.200,975.061,924.914,874.768,824.643,774.562,724.555,674.654,624.894,575.311,525.940,476.813,427.955,379.385,331.112,283.137,235.445,188.013,140.803,93.769,46.855,0.000,0.000,0.000,0.000,0.000,0.000,0.000,0.000,0.000,0.000,0.000,0.000,0.000,0.000,0.000,0.000,0.000,0.000,0.000,0.000,0.000,0.000,0.000
0.000,0.741,1.410,1.945,2.292,2.417,2.306,1.967,1.432,0.754,0.000,0.000,0.000,0.000,0.000,0.000,0.000,0.000,0.000,0.000,0.000,0.000,0.000,0.000,0.000,0.000,0.000,0.000,0.000,0.000,0.000,0.000,0.000,0.000,0.000,0.000,0.000,0.000,228.706,474.363,759.445,1108.284,1477.310,1844.154,2200.688,2544.821,2876.772,3197.615,3508.728,3811.585,4107.673,4398.460,4685.393,4969.895,5253.369,5537.212,5822.819,6111.596,6404.969,6704.394,7011.371,7327.455,7654.268,7993.515,8346.997,8716.633,9104.472,9512.720,9943.760,10400.182,10884.809,11400.738,11951.372,12540.474,13172.213,13851.234,14582.718,15372.480,16227.057,17153.834,18161.180,19258.620,20457.038,21768.931,23208.714,24793.111,26541.634,28477.193,30626.847,33022.695,35702.812,38711.865,42100.333,45919.573,50206.370,54945.399,60000.000,60000.000,60000.000,60000.000,60000.000,60000.000,60000.000,60000.000,60000.000,60000.000,60000.000,60000.000,60000.000,60000.000,60000.000,60000.000,60000.000,60000.000,60000.000,60000.000,60000.000,60000.000,60000.000,60000.000,54897.342,50110.696,45776.947,41911.541,38477.782,35424.404,32701.024,30263.074,28072.579,26097.533,24310.972,22690.075,21215.413,19870.351,18640.557,17513.622,16478.755,15526.525,14648.667,13837.907,13087.826,12392.740,11747.606,11147.935,10589.722,10069.388,9583.721,9129.841,8705.153,8307.316,7934.218,7583.943,7254.757,6945.081,6653.480,6378.645,6119.380,5874.591,5643.277,5424.518,5217.468,5021.349,4835.444,4659.090,4491.675,4332.631,4181.431,4037.588,3900.646,3770.182,3645.801,3527.133,3413.832,3305.576,3202.060,3102.997,3008.121,2917.176,2829.923,2746.136,2665.602,2588.116,2513.485,2441.526,2372.065,2304.935,2239.976,2177.038,2115.975,2056.648,1998.925,1942.678,1887.785,1834.130,1781.601,1730.092,1679.500,1629.729,1580.687,1532.286,1484.445,1437.085,1390.135,1343.528,1297.202,1251.102,1205.180,1159.389,1113.695,1068.066,1022.477,976.913,931.361,885.818,840.286,794.773,749.293,703.866,658.514,613.263,568.140,523.174,478.392,433.817,389.469,345.361,301.499,257.881,214.494,171.318,128.323,85.468,42.711,0.000,0.000,0.000,0.000,0.000,0.000,0.000,0.000,0.000,0.000,0.000,0.000,0.000,0.000,0.000,0.000,0.000,0.000,0.000,0.000,0.000,0.000,0.000
0.000,0.542,1.031,1.421,1.674,1.764,1.682,1.433,1.043,0.549,0.000,0.000,0.000,0.000,0.000,0.000,0.000,0.000,0.000,0.000,0.000,0.000,0.000,0.000,0.000,0.000,0.000,0.000,0.000,0.000,0.000,0.000,0.000,0.000,0.000,0.000,0.000,0.000,123.595,265.680,464.776,834.002,1211.001,1570.160,1910.182,2233.459,2542.528,2839.615,3126.659,3405.404,3677.451,3944.298,4207.372,4468.049,4727.666,4987.544,5248.991,5513.324,5781.871,6055.989,6337.075,6626.576,6926.001,7236.942,7561.080,7900.208,8256.248,8631.272,9027.523,9447.445,9893.712,10369.266,10877.351,11421.568,12005.925,12634.902,13313.531,14047.482,14843.174,15707.906,16650.009,17679.049,18806.062,20043.852,21407.381,22914.266,24585.439,26446.036,28526.640,30865.006,33508.519,36517.571,39969.727,43962.824,48608.740,53989.398,60000.000,60000.000,60000.000,60000.000,60000.000,60000.000,60000.000,60000.000,60000.000,60000.000,60000.000,60000.000,60000.000,60000.000,60000.000,60000.000,60000.000,60000.000,60000.000,60000.000,60000.000,60000.000,60000.000,60000.000,53946.014,48522.687,43834.928,39800.791,36308.398,33259.952,30577.960,28202.119,26085.135,24189.344,22484.256,20944.818,19550.185,18282.824,17127.854,16072.555,15105.978,14218.651,13402.337,12649.841,11954.856,11311.831,10715.867,10162.621,9648.241,9169.292,8722.708,8305.744,7915.938,7551.074,7209.155,6888.379,6587.113,6303.877,6037.326,5786.236,5549.492,5326.073,5115.047,4915.560,4726.825,4548.122,4378.787,4218.205,4065.810,3921.079,3783.527,3652.701,3528.184,3409.586,3296.543,3188.716,3085.788,2987.461,2893.456,2803.512,2717.383,2634.837,2555.653,2479.627,2406.562,2336.272,2268.582,2203.324,2140.339,2079.476,2020.590,1963.542,1908.202,1854.444,1802.146,1751.194,1701.477,1652.889,1605.331,1558.706,1512.921,1467.891,1423.531,1379.763,1336.514,1293.715,1251.299,1209.209,1167.389,1125.789,1084.365,1043.078,1001.896,960.789,919.738,878.725,837.740,796.779,755.843,714.937,674.074,633.265,592.531,551.891,511.366,470.979,430.750,390.697,350.834,311.171,271.712,232.452,193.381,154.481,115.727,77.087,38.525,0.000,0.000,0.000,0.000,0.000,0.000,0.000,0.000,0.000,0.000,0.000,0.000,0.000,0.000,0.000,0.000,0.000,0.000,0.000,0.000,0.000,0.000,0.000
0.000,0.395,0.751,1.035,1.219,1.284,1.223,1.042,0.758,0.399,0.000,0.000,0.000,0.000,0.000,0.000,0.000,0.000,0.000,0.000,0.000,0.000,0.000,0.000,0.000,0.000,0.000,0.000,0.000,0.000,0.000,0.000,0.000,0.000,0.000,0.000,0.000,0.000,0.000,0.000,0.000,551.997,962.600,1315.393,1636.528,1936.425,2220.407,2491.807,2753.055,3006.100,3252.618,3494.110,3731.961,3967.482,4201.934,4436.544,4672.526,4911.092,5153.463,5400.885,5654.638,5916.048,6186.502,6467.457,6760.460,7067.163,7389.335,7728.891,8087.909,8468.656,8873.623,9305.554,9767.489,10262.809,10795.297,11369.197,11989.294,12661.010,13390.513,14184.855,15052.143,16001.739,17044.528,18193.241,19462.888,20871.318,22439.986,24195.027,26168.808,28402.291,30948.793,33880.261,37298.245,41353.306,46276.398,52403.463,60000.000,60000.000,60000.000,60000.000,60000.000,60000.000,60000.000,60000.000,60000.000,60000.000,60000.000,60000.000,60000.000,60000.000,60000.000,60000.000,60000.000,60000.000,60000.000,60000.000,60000.000,60000.000,60000.000,60000.000,52364.068,46199.175,41239.380,37148.414,33695.208,30729.210,28148.933,25882.513,23876.726,22090.701,20492.157,19055.045,17757.992,16583.226,15515.819,14543.117,13654.318,12840.145,12092.581,11404.669,10770.342,10184.289,9641.843,9138.887,8671.781,8237.291,7832.541,7454.963,7102.260,6772.370,6463.440,6173.798,5901.936,5646.487,5406.213,5179.988,4966.785,4765.671,4575.790,4396.360,4226.663,4066.041,3913.887,3769.643,3632.792,3502.859,3379.403,3262.012,3150.308,3043.936,2942.569,2845.897,2753.635,2665.512,2581.277,2500.694,2423.541,2349.607,2278.696,2210.621,2145.206,2082.283,2021.695,1963.291,1906.928,1852.471,1799.788,1748.757,1699.259,1651.182,1604.419,1558.864,1514.421,1470.995,1428.496,1386.838,1345.940,1305.725,1266.117,1227.048,1188.452,1150.268,1112.439,1074.910,1037.636,1000.571,963.675,926.916,890.263,853.691,817.183,780.721,744.299,707.909,671.553,635.234,598.961,562.744,526.597,490.536,454.578,418.739,383.034,347.479,312.082,276.851,241.787,206.887,172.140,137.532,103.042,68.643,34.307,0.000,0.000,0.000,0.000,0.000,0.000,0.000,0.000,0.000,0.000,0.000,0.000,0.000,0.000,0.000,0.000,0.000,0.000,0.000,0.000,0.000,0.000,0.000
0.000,0.286,0.544,0.750,0.883,0.929,0.885,0.754,0.548,0.288,0.000,0.000,0.000,0.000,0.000,0.000,0.000,0.000,0.000,0.000,0.000,0.000,0.000,0.000,0.000,0.000,0.000,0.000,0.000,0.000,0.000,0.000,0.000,0.000,0.000,0.000,0.000,0.000,0.000,0.000,0.000,411.423,772.068,1092.360,1384.200,1655.415,1910.984,2154.285,2387.797,2613.480,2832.979,3047.737,3259.063,3468.179,3676.245,3884.383,4093.695,4305.277,4520.234,4739.685,4964.783,5196.722,5436.748,5686.175,5946.396,6218.903,6505.295,6807.307,7126.823,7465.907,7826.828,8212.095,8624.494,9067.135,9543.506,10057.538,10613.677,11216.983,11873.237,12589.079,13372.179,14231.440,15177.263,16221.881,17379.785,18668.291,20108.310,21725.412,23551.392,25626.664,28004.190,30756.511,33989.748,37875.798,42740.109,49348.064,60000.000,60000.000,60000.000,60000.000,60000.000,60000.000,60000.000,60000.000,60000.000,60000.000,60000.000,60000.000,60000.000,60000.000,60000.000,60000.000,60000.000,60000.000,60000.000,60000.000,60000.000,60000.000,60000.000,60000.000,49311.120,42670.626,37775.084,33858.378,30594.933,27812.890,25406.211,23302.456,21448.758,19804.796,18338.862,17025.467,15843.778,14776.553,13809.375,12930.085,12128.357,11395.364,10723.519,10106.267,9537.920,9013.515,8528.712,8079.696,7663.102,7275.955,6915.613,6579.725,6266.192,5973.134,5698.867,5441.872,5200.784,4974.365,4761.497,4561.162,4372.439,4194.485,4026.532,3867.877,3717.878,3575.942,3441.529,3314.138,3193.308,3078.613,2969.660,2866.082,2767.543,2673.726,2584.338,2499.107,2417.776,2340.107,2265.876,2194.872,2126.900,2061.773,1999.316,1939.364,1881.762,1826.360,1773.020,1721.608,1671.998,1624.070,1577.709,1532.807,1489.259,1446.965,1405.832,1365.768,1326.686,1288.504,1251.144,1214.529,1178.587,1143.253,1108.460,1074.147,1040.258,1006.739,973.540,940.615,907.921,875.421,843.081,810.870,778.762,746.737,714.777,682.868,651.003,619.177,587.388,555.639,523.936,492.287,460.703,429.196,397.778,366.462,335.261,304.183,273.238,242.428,211.755,181.215,150.799,120.495,90.286,60.150,30.063,0.000,0.000,0.000,0.000,0.000,0.000,0.000,0.000,0.000,0.000,0.000,0.000,0.000,0.000,0.000,0.000,0.000,0.000,0.000,0.000,0.000,0.000,0.000
0.000,0.205,0.390,0.538,0.633,0.666,0.634,0.540,0.392,0.206,0.000,0.000,0.000,0.000,0.000,0.000,0.000,0.000,0.000,0.000,0.000,0.000,0.000,0.000,0.000,0.000,0.000,0.000,0.000,0.000,0.000,0.000,0.000,0.000,0.000,0.000,0.000,0.000,0.000,0.000,0.000,321.658,621.934,897.841,1152.576,1390.138,1613.933,1826.666,2030.491,2227.177,2418.223,2604.946,2788.537,2970.095,3150.658,3331.228,3512.780,3696.282,3882.707,4073.041,4268.296,4469.519,4677.807,4894.314,5120.267,5356.978,5605.859,5868.442,6146.394,6441.544,6755.910,7091.724,7451.475,7837.947,8254.270,8703.981,9191.099,9720.209,10296.567,10926.235,11616.236,12374.751,13211.370,14137.392,15166.226,16313.890,17599.676,19047.035,20684.790,22548.872,24684.871,27151.909,30028.489,33420.069,37460.200,42248.692,47400.643,49411.054,50320.018,50782.215,51037.506,51186.322,51275.993,51331.004,51364.882,51385.396,51397.040,51402.296,51402.269,51396.951,51385.227,51364.599,51330.549,51275.267,51185.165,51035.644,50779.162,50314.857,49401.870,47382.885,42209.820,37397.179,33332.022,29915.171,27013.364,24521.328,22360.706,20472.499,18811.227,17341.051,16033.232,14864.398,13815.330,12870.077,12015.298,11239.758,10533.938,9889.722,9300.161,8759.269,8261.870,7803.463,7380.126,6988.420,6625.322,6288.164,5974.587,5682.492,5410.012,5155.477,4917.394,4694.418,4485.342,4289.074,4104.630,3931.112,3767.711,3613.687,3468.365,3331.130,3201.418,3078.713,2962.540,2852.462,2748.077,2649.014,2554.928,2465.502,2380.441,2299.469,2222.333,2148.795,2078.632,2011.638,1947.617,1886.388,1827.779,1771.630,1717.789,1666.113,1616.467,1568.722,1522.758,1478.461,1435.719,1394.431,1354.496,1315.822,1278.317,1241.897,1206.480,1171.987,1138.344,1105.479,1073.326,1041.819,1010.897,980.502,950.577,921.072,891.937,863.126,834.596,806.309,778.228,750.321,722.558,694.913,667.366,639.896,612.490,585.135,557.825,530.555,503.323,476.130,448.981,421.883,394.841,367.867,340.970,314.158,287.442,260.827,234.321,207.924,181.639,155.459,129.380,103.390,77.475,51.617,25.800,0.000,0.000,0.000,0.000,0.000,0.000,0.000,0.000,0.000,0.000,0.000,0.000,0.000,0.000,0.000,0.000,0.000,0.000,0.000,0.000,0.000,0.000,0.000
0.000,0.144,0.274,0.378,0.445,0.468,0.446,0.379,0.276,0.145,0.000,0.000,0.000,0.000,0.000,0.000,0.000,0.000,0.000,0.000,0.000,0.000,0.000,0.000,0.000,0.000,0.000,0.000,0.000,0.000,0.000,0.000,0.000,0.000,0.000,0.000,0.000,0.000,0.000,0.000,0.000,253.299,496.209,724.543,938.191,1138.702,1328.028,1508.049,1680.430,1846.625,2007.909,2165.417,2320.178,2473.144,2625.213,2777.243,2930.072,3084.528,3241.440,3401.647,3566.013,3735.429,3910.827,4093.191,4283.565,4483.070,4692.910,4914.395,5148.954,5398.154,5663.730,5947.604,6251.922,6579.090,6931.823,7313.195,7726.704,8176.355,8666.752,9203.217,9791.931,10440.107,11156.212,11950.223,12833.960,13821.481,14929.577,16178.358,17591.947,19199.241,21034.580,23137.822,25552.272,28315.823,31431.953,34785.876,37942.833,39923.560,41086.807,41771.336,42181.490,42431.791,42586.646,42683.141,42743.129,42779.660,42800.467,42809.877,42809.827,42800.308,42779.358,42742.623,42682.328,42585.357,42429.751,42178.250,41766.149,41078.404,39909.748,37919.868,34748.129,31376.296,28240.713,25456.995,23022.114,20898.456,19042.903,17415.742,15982.744,14715.108,13588.788,12583.748,11683.261,10873.331,10142.198,9479.938,8878.148,8329.670,7828.386,7369.039,6947.092,6558.616,6200.188,5868.821,5561.891,5277.090,5012.379,4765.950,4536.196,4321.682,4121.128,3933.382,3757.411,3592.284,3437.159,3291.273,3153.934,3024.514,2902.441,2787.190,2678.283,2575.283,2477.787,2385.424,2297.856,2214.767,2135.865,2060.884,1989.573,1921.701,1857.053,1795.428,1736.639,1680.511,1626.881,1575.594,1526.508,1479.486,1434.401,1391.132,1349.567,1309.597,1271.121,1234.043,1198.270,1163.716,1130.298,1097.937,1066.558,1036.088,1006.460,977.608,949.470,921.986,895.100,868.757,842.907,817.501,792.492,767.837,743.496,719.430,695.604,671.985,648.543,625.252,602.086,579.024,556.048,533.142,510.295,487.496,464.739,442.020,419.336,396.690,374.083,351.519,329.006,306.549,284.155,261.833,239.587,217.424,195.347,173.358,151.456,129.639,107.900,86.231,64.620,43.055,21.520,0.000,0.000,0.000,0.000,0.000,0.000,0.000,0.000,0.000,0.000,0.000,0.000,0.000,0.000,0.000,0.000,0.000,0.000,0.000,0.000,0.000,0.000,0.000
0.000,0.097,0.185,0.255,0.300,0.316,0.301,0.256,0.186,0.098,0.000,0.000,0.000,0.000,0.000,0.000,0.000,0.000,0.000,0.000,0.000,0.000,0.000,0.000,0.000,0.000,0.000,0.000,0.000,0.000,0.000,0.000,0.000,0.000,0.000,0.000,0.000,0.000,0.000,0.000,0.000,195.349,385.089,565.971,736.993,898.509,1051.500,1197.148,1336.638,1471.075,1601.469,1728.737,1853.723,1977.207,2099.925,2222.583,2345.866,2470.450,2597.011,2726.235,2858.823,2995.501,3137.029,3284.206,3437.885,3598.978,3768.470,3947.429,4137.025,4338.544,4553.406,4783.191,5029.667,5294.818,5580.886,5890.415,6226.307,6591.892,6991.004,7428.081,7908.286,8437.654,9023.260,9673.436,10398.010,11208.593,12118.880,13144.951,14305.469,15621.628,17116.440,18812.572,20726.990,22859.026,25165.935,27520.040,29661.263,31253.551,32332.317,33034.833,33485.329,33772.705,33955.662,34071.785,34144.832,34189.650,34215.293,34226.918,34226.856,34215.095,34189.276,34144.207,34070.783,33954.084,33770.233,33481.460,33028.784,32322.869,31238.861,29638.731,27486.561,25119.200,22797.592,20650.043,18719.717,17007.563,15496.808,14164.929,12989.021,11947.977,11023.206,10198.692,9460.795,8797.957,8200.397,7659.834,7169.237,6722.624,6314.879,5941.619,5599.063,5283.943,4993.420,4725.018,4476.569,4246.168,4032.135,3832.982,3647.391,3474.183,3312.311,3160.831,3018.900,2885.757,2760.715,2643.152,2532.506,2428.265,2329.963,2237.175,2149.512,2066.619,1988.169,1913.863,1843.425,1776.600,1713.152,1652.863,1595.534,1540.975,1489.014,1439.488,1392.246,1347.146,1304.058,1262.856,1223.425,1185.655,1149.443,1114.694,1081.314,1049.218,1018.324,988.554,959.834,932.094,905.268,879.292,854.105,829.651,805.874,782.722,760.144,738.093,716.524,695.393,674.659,654.284,634.229,614.462,594.949,575.659,556.564,537.638,518.857,500.200,481.648,463.181,444.788,426.454,408.170,389.929,371.724,353.551,335.410,317.302,299.226,281.187,263.189,245.237,227.336,209.490,191.704,173.983,156.329,138.742,121.223,103.768,86.372,69.030,51.733,34.469,17.229,0.000,0.000,0.000,0.000,0.000,0.000,0.000,0.000,0.000,0.000,0.000,0.000,0.000,0.000,0.000,0.000,0.000,0.000,0.000,0.000,0.000,0.000,0.000
0.000,0.060,0.114,0.157,0.185,0.195,0.185,0.158,0.115,0.060,0.000,0.000,0.000,0.000,0.000,0.000,0.000,0.000,0.000,0.000,0.000,0.000,0.000,0.000,0.000,0.000,0.000,0.000,0.000,0.000,0.000,0.000,0.000,0.000,0.000,0.000,0.000,0.000,0.000,0.000,0.000,143.020,282.850,417.293,545.341,666.888,782.366,892.465,997.963,1099.639,1198.229,1294.422,1388.855,1482.124,1574.791,1667.395,1760.458,1854.498,1950.027,2047.568,2147.654,2250.837,2357.694,2468.835,2584.907,2706.606,2834.680,2969.945,3113.294,3265.709,3428.276,3602.206,3788.855,3989.745,4206.601,4441.382,4696.329,4974.010,5277.393,5609.914,5975.576,6379.054,6825.828,7322.334,7876.129,8496.071,9192.468,9977.158,10863.406,11865.408,12997.023,14269.070,15684.121,17227.378,18852.736,20467.098,21928.637,23097.068,23954.082,24550.352,24952.288,25218.042,25391.510,25503.505,25574.766,25618.816,25644.137,25655.645,25655.583,25643.940,25618.444,25574.146,25502.517,25389.962,25215.638,24948.578,24544.662,23945.434,23084.109,21909.649,20440.209,18816.384,17180.451,15625.918,14199.204,12915.338,11771.911,10758.229,9860.524,9064.675,8357.475,7727.135,7163.394,6657.435,6201.738,5789.905,5416.492,5076.861,4767.049,4483.659,4223.766,3984.846,3764.707,3561.442,3373.383,3199.065,3037.200,2886.648,2746.397,2615.549,2493.301,2378.934,2271.805,2171.334,2076.997,1988.323,1904.882,1826.286,1752.182,1682.245,1616.182,1553.722,1494.619,1438.645,1385.591,1335.264,1287.486,1242.092,1198.930,1157.858,1118.745,1081.467,1045.912,1011.972,979.548,948.545,918.877,890.460,863.217,837.076,811.967,787.824,764.587,742.196,720.597,699.735,679.562,660.029,641.090,622.704,604.827,587.421,570.449,553.873,537.661,521.779,506.198,490.886,475.818,460.967,446.308,431.818,417.477,403.265,389.164,375.157,361.230,347.371,333.568,319.812,306.096,292.413,278.759,265.131,251.529,237.951,224.400,210.878,197.386,183.929,170.510,157.133,143.800,130.514,117.277,104.089,90.950,77.859,64.809,51.799,38.820,25.867,12.930,0.000,0.000,0.000,0.000,0.000,0.000,0.000,0.000,0.000,0.000,0.000,0.000,0.000,0.000,0.000,0.000,0.000,0.000,0.000,0.000,0.000,0.000,0.000
0.000,0.028,0.054,0.075,0.088,0.093,0.088,0.075,0.055,0.029,0.000,0.000,0.000,0.000,0.000,0.000,0.000,0.000,0.000,0.000,0.000,0.000,0.000,0.000,0.000,0.000,0.000,0.000,0.000,0.000,0.000,0.000,0.000,0.000,0.000,0.000,0.000,0.000,0.000,0.000,0.000,93.894,186.015,275.032,360.217,441.369,518.649,592.425,663.159,731.338,797.441,861.923,925.212,987.706,1049.787,1111.816,1174.147,1237.128,1301.107,1366.433,1433.466,1502.579,1574.158,1648.616,1726.388,1807.942,1893.783,1984.463,2080.582,2182.806,2291.868,2408.588,2533.883,2668.788,2814.471,2972.265,3143.692,3330.502,3534.717,3758.680,4005.119,4277.224,4578.727,4914.000,5288.157,5707.147,6177.810,6707.849,7305.627,7979.610,8737.204,9582.589,10513.066,11513.645,12550.547,13566.985,14489.128,15252.007,15836.592,16260.209,16555.431,16755.665,16888.832,16975.960,17031.911,17066.712,17086.795,17095.941,17095.892,17086.637,17066.416,17031.418,16975.176,16887.610,16753.782,16552.554,16255.858,15830.101,15242.501,14475.561,13548.259,12525.697,11481.939,10474.009,9535.886,8682.720,7917.325,7235.612,6630.239,6092.795,5614.959,5189.063,4808.298,4466.744,4159.313,3881.658,3630.072,3401.390,3192.912,3002.318,2827.618,2667.092,2519.248,2382.791,2256.588,2139.645,2031.090,1930.150,1836.141,1748.456,1666.551,1589.944,1518.198,1450.922,1387.765,1328.408,1272.562,1219.966,1170.382,1123.592,1079.398,1037.620,998.091,960.657,925.180,891.530,859.585,829.238,800.384,772.929,746.786,721.871,698.108,675.426,653.758,633.041,613.217,594.230,576.028,558.563,541.787,525.659,510.135,495.178,480.750,466.815,453.340,440.294,427.645,415.365,403.426,391.802,380.468,369.400,358.575,347.971,337.568,327.347,317.288,307.375,297.590,287.920,278.350,268.866,259.458,250.113,240.823,231.578,222.373,213.199,204.053,194.930,185.827,176.742,167.675,158.626,149.594,140.582,131.590,122.622,113.679,104.764,95.878,87.023,78.200,69.409,60.650,51.922,43.221,34.546,25.890,17.252,8.623,0.000,0.000,0.000,0.000,0.000,0.000,0.000,0.000,0.000,0.000,0.000,0.000,0.000,0.000,0.000,0.000,0.000,0.000,0.000,0.000,0.000,0.000,0.000
0.000,0.000,0.000,0.000,0.000,0.000,0.000,0.000,0.000,0.000,0.000,0.000,0.000,0.000,0.000,0.000,0.000,0.000,0.000,0.000,0.000,0.000,0.000,0.000,0.000,0.000,0.000,0.000,0.000,0.000,0.000,0.000,0.000,0.000,0.000,0.000,0.000,0.000,0.000,0.000,0.000,46.546,92.293,136.615,179.142,219.741,258.459,295.453,330.936,365.142,398.307,430.654,462.399,493.741,524.872,555.976,587.229,618.807,650.884,683.637,717.247,751.901,787.794,825.132,864.136,905.040,948.099,993.591,1041.818,1093.115,1147.852,1206.444,1269.353,1337.101,1410.280,1489.562,1575.719,1669.636,1772.337,1885.010,2009.038,2146.035,2297.891,2466.816,2655.386,2866.581,3103.802,3370.828,3671.667,4010.221,4389.612,4811.030,5271.923,5763.598,6268.829,6761.175,7208.886,7585.241,7880.073,8098.461,8253.562,8360.355,8432.194,8479.590,8510.207,8529.327,8540.389,8545.434,8545.407,8540.302,8529.163,8509.935,8479.158,8431.524,8359.326,8251.999,8096.118,7876.614,7580.239,7201.844,6751.580,6256.222,5747.617,5252.314,4787.638,4362.360,3979.091,3636.689,3332.066,3061.349,2820.551,2605.910,2414.044,2241.985,2087.171,1947.405,1820.810,1705.784,1600.957,1505.155,1417.369,1336.729,1262.479,1193.964,1130.611,1071.919,1017.446,966.803,919.646,875.666,834.592,796.178,760.207,726.480,694.822,665.070,637.082,610.724,585.877,562.432,540.290,519.359,499.556,480.804,463.033,446.178,430.178,414.978,400.528,386.779,373.686,361.209,349.310,337.953,327.103,316.730,306.804,297.298,288.185,279.441,271.042,262.968,255.196,247.709,240.486,233.510,226.765,220.234,213.903,207.756,201.780,195.962,190.290,184.750,179.332,174.025,168.819,163.704,158.671,153.710,148.815,143.976,139.188,134.444,129.737,125.062,120.415,115.792,111.188,106.600,102.026,97.464,92.912,88.370,83.837,79.312,74.797,70.292,65.797,61.314,56.843,52.386,47.944,43.517,39.106,34.711,30.331,25.966,21.616,17.277,12.949,8.628,4.313,0.000,0.000,0.000,0.000,0.000,0.000,0.000,0.000,0.000,0.000,0.000,0.000,0.000,0.000,0.000,0.000,0.000,0.000,0.000,0.000,0.000,0.000,0.000
0.000,0.000,0.000,0.000,0.000,0.000,0.000,0.000,0.000,0.000,0.000,0.000,0.000,0.000,0.000,0.000,0.000,0.000,0.000,0.000,0.000,0.000,0.000,0.000,0.000,0.000,0.000,0.000,0.000,0.000,0.000,0.000,0.000,0.000,0.000,0.000,0.000,0.000,0.000,0.000,0.000,0.000,0.000,0.000,0.000,0.000,0.000,0.000,0.000,0.000,0.000,0.000,0.000,0.000,0.000,0.000,0.000,0.000,0.000,0.000,0.000,0.000,0.000,0.000,0.000,0.000,0.000,0.000,0.000,0.000,0.000,0.000,0.000,0.000,0.000,0.000,0.000,0.000,0.000,0.000,0.000,0.000,0.000,0.000,0.000,0.000,0.000,0.000,0.000,0.000,0.000,0.000,0.000,0.000,0.000,0.000,0.000,0.000,0.000,0.000,0.000,0.000,0.000,0.000,0.000,0.000,0.000,0.000,0.000,0.000,0.000,0.000,0.000,0.000,0.000,0.000,0.000,0.000,0.000,0.000,0.000,0.000,0.000,0.000,0.000,0.000,0.000,0.000,0.000,0.000,0.000,0.000,0.000,0.000,0.000,0.000,0.000,0.000,0.000,0.000,0.000,0.000,0.000,0.000,0.000,0.000,0.000,0.000,0.000,0.000,0.000,0.000,0.000,0.000,0.000,0.000,0.000,0.000,0.000,0.000,0.000,0.000,0.000,0.000,0.000,0.000,0.000,0.000,0.000,0.000,0.000,0.000,0.000,0.000,0.000,0.000,0.000,0.000,0.000,0.000,0.000,0.000,0.000,0.000,0.000,0.000,0.000,0.000,0.000,0.000,0.000,0.000,0.000,0.000,0.000,0.000,0.000,0.000,0.000,0.000,0.000,0.000,0.000,0.000,0.000,0.000,0.000,0.000,0.000,0.000,0.000,0.000,0.000,0.000,0.000,0.000,0.000,0.000,0.000,0.000,0.000,0.000,0.000,0.000,0.000,0.000,0.000,0.000,0.000,0.000,0.000,0.000,0.000,0.000,0.000,0.000,0.000,0.000,0.000,0.000,0.000,0.000,0.000,0.000,0.000,0.000,0.000,0.000,0.000,0.000,0.000,0.000,0.000,0.000,0.000,0.000
